# This file was produced by the NASA Exoplanet Archive  http://exoplanetarchive.ipac.caltech.edu
# Mon Nov 10 15:48:46 2025
#
# User preference: *
#
# CONSTRAINT:  where (disc_year = 2019)
#
# COLUMN pl_name:        Planet Name
# COLUMN hostname:       Host Name
# COLUMN default_flag:   Default Parameter Set
# COLUMN sy_snum:        Number of Stars
# COLUMN sy_pnum:        Number of Planets
# COLUMN discoverymethod: Discovery Method
# COLUMN disc_year:      Discovery Year
# COLUMN disc_facility:  Discovery Facility
# COLUMN soltype:        Solution Type
# COLUMN pl_controv_flag: Controversial Flag
# COLUMN pl_refname:     Planetary Parameter Reference
# COLUMN pl_orbper:      Orbital Period [days]
# COLUMN pl_orbpererr1:  Orbital Period Upper Unc. [days]
# COLUMN pl_orbpererr2:  Orbital Period Lower Unc. [days]
# COLUMN pl_orbperlim:   Orbital Period Limit Flag
# COLUMN pl_orbsmax:     Orbit Semi-Major Axis [au]
# COLUMN pl_orbsmaxerr1: Orbit Semi-Major Axis Upper Unc. [au]
# COLUMN pl_orbsmaxerr2: Orbit Semi-Major Axis Lower Unc. [au]
# COLUMN pl_orbsmaxlim:  Orbit Semi-Major Axis Limit Flag
# COLUMN pl_rade:        Planet Radius [Earth Radius]
# COLUMN pl_radeerr1:    Planet Radius Upper Unc. [Earth Radius]
# COLUMN pl_radeerr2:    Planet Radius Lower Unc. [Earth Radius]
# COLUMN pl_radelim:     Planet Radius Limit Flag
# COLUMN pl_radj:        Planet Radius [Jupiter Radius]
# COLUMN pl_radjerr1:    Planet Radius Upper Unc. [Jupiter Radius]
# COLUMN pl_radjerr2:    Planet Radius Lower Unc. [Jupiter Radius]
# COLUMN pl_radjlim:     Planet Radius Limit Flag
# COLUMN pl_bmasse:      Planet Mass or Mass*sin(i) [Earth Mass]
# COLUMN pl_bmasseerr1:  Planet Mass or Mass*sin(i) [Earth Mass] Upper Unc.
# COLUMN pl_bmasseerr2:  Planet Mass or Mass*sin(i) [Earth Mass] Lower Unc.
# COLUMN pl_bmasselim:   Planet Mass or Mass*sin(i) [Earth Mass] Limit Flag
# COLUMN pl_bmassj:      Planet Mass or Mass*sin(i) [Jupiter Mass]
# COLUMN pl_bmassjerr1:  Planet Mass or Mass*sin(i) [Jupiter Mass] Upper Unc.
# COLUMN pl_bmassjerr2:  Planet Mass or Mass*sin(i) [Jupiter Mass] Lower Unc.
# COLUMN pl_bmassjlim:   Planet Mass or Mass*sin(i) [Jupiter Mass] Limit Flag
# COLUMN pl_bmassprov:   Planet Mass or Mass*sin(i) Provenance
# COLUMN pl_orbeccen:    Eccentricity
# COLUMN pl_orbeccenerr1: Eccentricity Upper Unc.
# COLUMN pl_orbeccenerr2: Eccentricity Lower Unc.
# COLUMN pl_orbeccenlim: Eccentricity Limit Flag
# COLUMN pl_insol:       Insolation Flux [Earth Flux]
# COLUMN pl_insolerr1:   Insolation Flux Upper Unc. [Earth Flux]
# COLUMN pl_insolerr2:   Insolation Flux Lower Unc. [Earth Flux]
# COLUMN pl_insollim:    Insolation Flux Limit Flag
# COLUMN pl_eqt:         Equilibrium Temperature [K]
# COLUMN pl_eqterr1:     Equilibrium Temperature Upper Unc. [K]
# COLUMN pl_eqterr2:     Equilibrium Temperature Lower Unc. [K]
# COLUMN pl_eqtlim:      Equilibrium Temperature Limit Flag
# COLUMN ttv_flag:       Data show Transit Timing Variations
# COLUMN st_refname:     Stellar Parameter Reference
# COLUMN st_spectype:    Spectral Type
# COLUMN st_teff:        Stellar Effective Temperature [K]
# COLUMN st_tefferr1:    Stellar Effective Temperature Upper Unc. [K]
# COLUMN st_tefferr2:    Stellar Effective Temperature Lower Unc. [K]
# COLUMN st_tefflim:     Stellar Effective Temperature Limit Flag
# COLUMN st_rad:         Stellar Radius [Solar Radius]
# COLUMN st_raderr1:     Stellar Radius Upper Unc. [Solar Radius]
# COLUMN st_raderr2:     Stellar Radius Lower Unc. [Solar Radius]
# COLUMN st_radlim:      Stellar Radius Limit Flag
# COLUMN st_mass:        Stellar Mass [Solar mass]
# COLUMN st_masserr1:    Stellar Mass Upper Unc. [Solar mass]
# COLUMN st_masserr2:    Stellar Mass Lower Unc. [Solar mass]
# COLUMN st_masslim:     Stellar Mass Limit Flag
# COLUMN st_met:         Stellar Metallicity [dex]
# COLUMN st_meterr1:     Stellar Metallicity Upper Unc. [dex]
# COLUMN st_meterr2:     Stellar Metallicity Lower Unc. [dex]
# COLUMN st_metlim:      Stellar Metallicity Limit Flag
# COLUMN st_metratio:    Stellar Metallicity Ratio
# COLUMN st_logg:        Stellar Surface Gravity [log10(cm/s**2)]
# COLUMN st_loggerr1:    Stellar Surface Gravity Upper Unc. [log10(cm/s**2)]
# COLUMN st_loggerr2:    Stellar Surface Gravity Lower Unc. [log10(cm/s**2)]
# COLUMN st_logglim:     Stellar Surface Gravity Limit Flag
# COLUMN sy_refname:     System Parameter Reference
# COLUMN rastr:          RA [sexagesimal]
# COLUMN ra:             RA [deg]
# COLUMN decstr:         Dec [sexagesimal]
# COLUMN dec:            Dec [deg]
# COLUMN sy_dist:        Distance [pc]
# COLUMN sy_disterr1:    Distance [pc] Upper Unc
# COLUMN sy_disterr2:    Distance [pc] Lower Unc
# COLUMN sy_vmag:        V (Johnson) Magnitude
# COLUMN sy_vmagerr1:    V (Johnson) Magnitude Upper Unc
# COLUMN sy_vmagerr2:    V (Johnson) Magnitude Lower Unc
# COLUMN sy_kmag:        Ks (2MASS) Magnitude
# COLUMN sy_kmagerr1:    Ks (2MASS) Magnitude Upper Unc
# COLUMN sy_kmagerr2:    Ks (2MASS) Magnitude Lower Unc
# COLUMN sy_gaiamag:     Gaia Magnitude
# COLUMN sy_gaiamagerr1: Gaia Magnitude Upper Unc
# COLUMN sy_gaiamagerr2: Gaia Magnitude Lower Unc
# COLUMN rowupdate:      Date of Last Update
# COLUMN pl_pubdate:     Planetary Parameter Reference Publication Date
# COLUMN releasedate:    Release Date
#
pl_name,hostname,default_flag,sy_snum,sy_pnum,discoverymethod,disc_year,disc_facility,soltype,pl_controv_flag,pl_refname,pl_orbper,pl_orbpererr1,pl_orbpererr2,pl_orbperlim,pl_orbsmax,pl_orbsmaxerr1,pl_orbsmaxerr2,pl_orbsmaxlim,pl_rade,pl_radeerr1,pl_radeerr2,pl_radelim,pl_radj,pl_radjerr1,pl_radjerr2,pl_radjlim,pl_bmasse,pl_bmasseerr1,pl_bmasseerr2,pl_bmasselim,pl_bmassj,pl_bmassjerr1,pl_bmassjerr2,pl_bmassjlim,pl_bmassprov,pl_orbeccen,pl_orbeccenerr1,pl_orbeccenerr2,pl_orbeccenlim,pl_insol,pl_insolerr1,pl_insolerr2,pl_insollim,pl_eqt,pl_eqterr1,pl_eqterr2,pl_eqtlim,ttv_flag,st_refname,st_spectype,st_teff,st_tefferr1,st_tefferr2,st_tefflim,st_rad,st_raderr1,st_raderr2,st_radlim,st_mass,st_masserr1,st_masserr2,st_masslim,st_met,st_meterr1,st_meterr2,st_metlim,st_metratio,st_logg,st_loggerr1,st_loggerr2,st_logglim,sy_refname,rastr,ra,decstr,dec,sy_dist,sy_disterr1,sy_disterr2,sy_vmag,sy_vmagerr1,sy_vmagerr2,sy_kmag,sy_kmagerr1,sy_kmagerr2,sy_gaiamag,sy_gaiamagerr1,sy_gaiamagerr2,rowupdate,pl_pubdate,releasedate
7 CMa c,7 CMa,1,1,2,Radial Velocity,2019,Multiple Observatories,Published Confirmed,0,<a refstr=LUQUE_ET_AL__2019 href=https://ui.adsabs.harvard.edu/abs/2019A&A...631A.136L/abstract target=ref>Luque et al. 2019</a>,996.00000000000,1.50000000000,-52.40000000000,0,2.1530000000,0.0030000000,-0.0800000000,0,,,,,,,,,276.51210000,19.06980000,-19.06980000,0,0.87000000,0.06000000,-0.06000000,0,Msin(i)/sin(i),0.080000,0.050000,-0.040000,0,,,,,,,,,0,<a refstr=LUQUE_ET_AL__2019 href=https://ui.adsabs.harvard.edu/abs/2019A&A...631A.136L/abstract target=ref>Luque et al. 2019</a>,,4826.00,45.00,-55.00,0,4.870000,0.170000,-0.140000,0,1.340000,0.110000,-0.120000,0,0.2100,0.1000,-0.1000,0,[Fe/H],3.190000,0.060000,-0.070000,0,<a refstr=STASSUN_ET_AL__2019 href=https://ui.adsabs.harvard.edu/abs/2019AJ....158..138S/abstract target=ref>TICv8</a>,06h36m41.11s,99.1712760,-19d15m22.25s,-19.2561808,19.81010000,0.16480000,-0.16480000,3.9500000,0.0300000,-0.0300000,1.5640000,0.2520000,-0.2520000,3.6785300,0.0041348,-0.0041348,2019-10-18,2019-11,2019-10-24
7 CMa c,7 CMa,0,1,2,Radial Velocity,2019,Multiple Observatories,Published Confirmed,0,<a refstr=LIN_ET_AL__2024 href=https://ui.adsabs.harvard.edu/abs/2024AJ....168...27L/abstract target=ref>Lin et al. 2024</a>,,,,,2.2050000000,0.0860000000,-0.0860000000,0,,,,,,,,,289.90000000,21.20000000,-21.20000000,0,0.91200000,0.06700000,-0.06700000,0,Msini,,,,,,,,,,,,,0,<a refstr=LIN_ET_AL__2024 href=https://ui.adsabs.harvard.edu/abs/2024AJ....168...27L/abstract target=ref>Lin et al. 2024</a>,,,,,,5.198000,0.060000,-0.060000,0,1.439000,0.047000,-0.047000,0,,,,,,3.165000,0.005000,-0.005000,0,<a refstr=STASSUN_ET_AL__2019 href=https://ui.adsabs.harvard.edu/abs/2019AJ....158..138S/abstract target=ref>TICv8</a>,06h36m41.11s,99.1712760,-19d15m22.25s,-19.2561808,19.81010000,0.16480000,-0.16480000,3.9500000,0.0300000,-0.0300000,1.5640000,0.2520000,-0.2520000,3.6785300,0.0041348,-0.0041348,2024-09-13,2024-07,2024-09-13
DMPP-1 b,DMPP-1,1,1,4,Radial Velocity,2019,La Silla Observatory,Published Confirmed,0,<a refstr=STAAB_ET_AL__2020 href=https://ui.adsabs.harvard.edu/abs/2020NatAs...4..399S/abstract target=ref>Staab et al. 2020</a>,18.57000000000,0.01000000000,-0.01000000000,0,0.1462000000,0.0012000000,-0.0012000000,0,,,,,,,,,24.27000000,1.16000000,-1.59000000,0,0.07636158,0.00364975,-0.00500267,0,Msini,0.083000,,,1,,,,,877.00,,,0,0,<a refstr=STAAB_ET_AL__2020 href=https://ui.adsabs.harvard.edu/abs/2020NatAs...4..399S/abstract target=ref>Staab et al. 2020</a>,F8 V,6196.00,29.00,-29.00,0,1.260000,0.020000,-0.020000,0,1.210000,0.030000,-0.030000,0,,,,,,4.410000,0.210000,-0.210000,0,<a refstr=STASSUN_ET_AL__2019 href=https://ui.adsabs.harvard.edu/abs/2019AJ....158..138S/abstract target=ref>TICv8</a>,05h47m06.27s,86.7761233,-10d37m49.16s,-10.6303217,62.53880000,0.17820000,-0.17730000,7.9800000,0.0300000,-0.0300000,6.6900000,0.0240000,-0.0240000,7.8503200,0.0002900,-0.0002900,2020-01-23,2019-12,2020-01-30
DMPP-1 c,DMPP-1,1,1,4,Radial Velocity,2019,La Silla Observatory,Published Confirmed,0,<a refstr=STAAB_ET_AL__2020 href=https://ui.adsabs.harvard.edu/abs/2020NatAs...4..399S/abstract target=ref>Staab et al. 2020</a>,6.58400000000,0.00300000000,-0.00200000000,0,0.0733000000,0.0006000000,-0.0007000000,0,,,,,,,,,9.60000000,0.53000000,-1.58000000,0,0.03020483,0.00166756,-0.00497121,0,Msini,0.057000,,,1,,,,,1239.00,,,0,0,<a refstr=STAAB_ET_AL__2020 href=https://ui.adsabs.harvard.edu/abs/2020NatAs...4..399S/abstract target=ref>Staab et al. 2020</a>,F8 V,6196.00,29.00,-29.00,0,1.260000,0.020000,-0.020000,0,1.210000,0.030000,-0.030000,0,,,,,,4.410000,0.210000,-0.210000,0,<a refstr=STASSUN_ET_AL__2019 href=https://ui.adsabs.harvard.edu/abs/2019AJ....158..138S/abstract target=ref>TICv8</a>,05h47m06.27s,86.7761233,-10d37m49.16s,-10.6303217,62.53880000,0.17820000,-0.17730000,7.9800000,0.0300000,-0.0300000,6.6900000,0.0240000,-0.0240000,7.8503200,0.0002900,-0.0002900,2020-01-23,2019-12,2020-01-30
DMPP-1 d,DMPP-1,1,1,4,Radial Velocity,2019,La Silla Observatory,Published Confirmed,0,<a refstr=STAAB_ET_AL__2020 href=https://ui.adsabs.harvard.edu/abs/2020NatAs...4..399S/abstract target=ref>Staab et al. 2020</a>,2.88200000000,0.00100000000,-0.00100000000,0,0.0422000000,0.0004000000,-0.0003000000,0,,,,,,,,,3.35000000,0.38000000,-0.34000000,0,0.01054023,0.00119561,-0.00106975,0,Msini,0.070000,,,1,,,,,1632.00,,,0,0,<a refstr=STAAB_ET_AL__2020 href=https://ui.adsabs.harvard.edu/abs/2020NatAs...4..399S/abstract target=ref>Staab et al. 2020</a>,F8 V,6196.00,29.00,-29.00,0,1.260000,0.020000,-0.020000,0,1.210000,0.030000,-0.030000,0,,,,,,4.410000,0.210000,-0.210000,0,<a refstr=STASSUN_ET_AL__2019 href=https://ui.adsabs.harvard.edu/abs/2019AJ....158..138S/abstract target=ref>TICv8</a>,05h47m06.27s,86.7761233,-10d37m49.16s,-10.6303217,62.53880000,0.17820000,-0.17730000,7.9800000,0.0300000,-0.0300000,6.6900000,0.0240000,-0.0240000,7.8503200,0.0002900,-0.0002900,2020-01-23,2019-12,2020-01-30
DMPP-1 e,DMPP-1,1,1,4,Radial Velocity,2019,La Silla Observatory,Published Confirmed,0,<a refstr=STAAB_ET_AL__2020 href=https://ui.adsabs.harvard.edu/abs/2020NatAs...4..399S/abstract target=ref>Staab et al. 2020</a>,5.51600000000,0.00200000000,-0.00400000000,0,0.0651000000,0.0005000000,-0.0005000000,0,,,,,,,,,4.13000000,0.66000000,-1.14000000,0,0.01299437,0.00207658,-0.00358682,0,Msini,0.070000,,,1,,,,,1314.00,,,0,0,<a refstr=STAAB_ET_AL__2020 href=https://ui.adsabs.harvard.edu/abs/2020NatAs...4..399S/abstract target=ref>Staab et al. 2020</a>,F8 V,6196.00,29.00,-29.00,0,1.260000,0.020000,-0.020000,0,1.210000,0.030000,-0.030000,0,,,,,,4.410000,0.210000,-0.210000,0,<a refstr=STASSUN_ET_AL__2019 href=https://ui.adsabs.harvard.edu/abs/2019AJ....158..138S/abstract target=ref>TICv8</a>,05h47m06.27s,86.7761233,-10d37m49.16s,-10.6303217,62.53880000,0.17820000,-0.17730000,7.9800000,0.0300000,-0.0300000,6.6900000,0.0240000,-0.0240000,7.8503200,0.0002900,-0.0002900,2020-01-23,2019-12,2020-01-30
DMPP-2 b,DMPP-2,1,1,1,Radial Velocity,2019,Multiple Facilities,Published Confirmed,0,<a refstr=HASWELL_ET_AL__2020 href=https://ui.adsabs.harvard.edu/abs/2020NatAs...4..408H/abstract target=ref>Haswell et al. 2020</a>,5.20720000000,0.00020000000,-0.00550000000,0,0.0664000000,0.0005000000,-0.0005000000,0,,,,,,,,,138.89171000,9.53490000,-18.75197000,0,0.43700000,0.03000000,-0.05900000,0,Msini,0.078000,,,0,,,,,1000.00,,,0,0,<a refstr=HASWELL_ET_AL__2020 href=https://ui.adsabs.harvard.edu/abs/2020NatAs...4..408H/abstract target=ref>Haswell et al. 2020</a>,F5 V,6500.00,100.00,-100.00,0,1.780000,0.090000,-0.090000,0,1.440000,0.030000,-0.030000,0,,,,,,4.100000,0.040000,-0.040000,0,<a refstr=STASSUN_ET_AL__2019 href=https://ui.adsabs.harvard.edu/abs/2019AJ....158..138S/abstract target=ref>TICv8</a>,01h49m37.86s,27.4077310,-34d27m32.75s,-34.4590985,137.94000000,0.68100000,-0.67500000,8.5700000,0.0300000,-0.0300000,7.4370000,0.0260000,-0.0260000,8.4582400,0.0002660,-0.0002660,2020-01-23,2019-12,2020-01-30
DMPP-3 A b,DMPP-3 A,1,2,1,Radial Velocity,2019,La Silla Observatory,Published Confirmed,0,<a refstr=BARNES_ET_AL__2020 href=https://ui.adsabs.harvard.edu/abs/2020NatAs...4..419B/abstract target=ref>Barnes et al. 2020</a>,6.67320000000,0.00110000000,-0.00030000000,0,0.0662000000,0.0013000000,-0.0013000000,0,,,,,,,,,2.58000000,0.35000000,-0.58000000,0,0.00811755,0.00110122,-0.00182487,0,Msini,0.140000,0.091000,-0.053000,0,,,,,854.00,,,0,0,<a refstr=BARNES_ET_AL__2020 href=https://ui.adsabs.harvard.edu/abs/2020NatAs...4..419B/abstract target=ref>Barnes et al. 2020</a>,K0 V,5138.00,99.00,-99.00,0,0.910000,0.020000,-0.020000,0,0.870000,0.050000,-0.050000,0,0.1800,0.0900,-0.0900,0,[Fe/H],4.300000,0.510000,-0.510000,0,<a refstr=HIPPARCOS_AND_TYCHO_CATALOGS href=https://ui.adsabs.harvard.edu/abs/1997HIP...C......0E/abstract target=ref> Hipparcos and Tycho Catalogs </a>,06h06m29.85s,91.6243820,-72d30m45.6s,-72.5126648,45.23000000,1.60000000,-1.72000000,,,,,,,,,,2020-01-23,2019-12,2020-01-30
DMPP-3 A b,DMPP-3 A,0,2,1,Radial Velocity,2019,La Silla Observatory,Published Confirmed,0,<a refstr=BARNES_ET_AL__2020 href=https://ui.adsabs.harvard.edu/abs/2020NatAs...4..419B/abstract target=ref>Barnes et al. 2020</a>,6.67360000000,,,0,0.0662000000,0.0013000000,-0.0013000000,0,,,,,,,,,2.58000000,0.35000000,-0.58000000,0,0.00811755,0.00110122,-0.00182487,0,Msini,0.000000,,,0,,,,,854.00,,,0,0,<a refstr=STASSUN_ET_AL__2019 href=https://ui.adsabs.harvard.edu/abs/2019AJ....158..138S/abstract target=ref>TICv8</a>,,,,,,,,,,,,,,,,,,,,,,,<a refstr=HIPPARCOS_AND_TYCHO_CATALOGS href=https://ui.adsabs.harvard.edu/abs/1997HIP...C......0E/abstract target=ref> Hipparcos and Tycho Catalogs </a>,06h06m29.85s,91.6243820,-72d30m45.6s,-72.5126648,45.23000000,1.60000000,-1.72000000,,,,,,,,,,2020-01-23,2019-12,2020-01-30
DS Tuc A b,DS Tuc A,0,2,1,Transit,2019,Transiting Exoplanet Survey Satellite (TESS),Published Confirmed,0,<a refstr=BENATTI_ET_AL__2019 href=https://ui.adsabs.harvard.edu/abs/2019A&A...630A..81B/abstract target=ref>Benatti et al. 2019</a>,8.13870000000,0.00050000000,-0.00050000000,0,,,,,5.63000000,0.22000000,-0.21000000,0,0.50000000,0.02000000,-0.02000000,0,413.17900000,,,1,1.30000000,,,1,Mass,,,,,,,,,,,,,0,<a refstr=BENATTI_ET_AL__2019 href=https://ui.adsabs.harvard.edu/abs/2019A&A...630A..81B/abstract target=ref>Benatti et al. 2019</a>,G6 V,5542.00,21.00,-21.00,0,0.872000,0.027000,-0.027000,0,0.959000,0.031000,-0.031000,0,-0.0800,0.0600,-0.0600,0,[Fe/H],4.600000,0.150000,-0.150000,0,<a refstr=STASSUN_ET_AL__2019 href=https://ui.adsabs.harvard.edu/abs/2019AJ....158..138S/abstract target=ref>TICv8</a>,23h39m39.71s,354.9154673,-69d11m45.75s,-69.1960430,44.06220000,0.06930000,-0.06910000,8.1700000,0.0300000,-0.0300000,6.6760000,0.0340000,-0.0340000,8.3192600,0.0010250,-0.0010250,2019-08-09,2019-10,2019-08-15
DS Tuc A b,DS Tuc A,1,2,1,Transit,2019,Transiting Exoplanet Survey Satellite (TESS),Published Confirmed,0,<a refstr=NEWTON_ET_AL__2019 href=https://ui.adsabs.harvard.edu/abs/2019ApJ...880L..17N/abstract target=ref>Newton et al. 2019</a>,8.13826800000,0.00001100000,-0.00001100000,0,,,,,5.70000000,0.17000000,-0.17000000,0,0.50851994,0.01516638,-0.01516638,0,,,,,,,,,,0.000000,,,0,,,,,850.00,,,0,0,<a refstr=NEWTON_ET_AL__2019 href=https://ui.adsabs.harvard.edu/abs/2019ApJ...880L..17N/abstract target=ref>Newton et al. 2019</a>,G6 V,5428.00,80.00,-80.00,0,0.964000,0.029000,-0.029000,0,1.010000,0.060000,-0.060000,0,0.0000,,,0,,,,,,<a refstr=STASSUN_ET_AL__2019 href=https://ui.adsabs.harvard.edu/abs/2019AJ....158..138S/abstract target=ref>TICv8</a>,23h39m39.71s,354.9154673,-69d11m45.75s,-69.1960430,44.06220000,0.06930000,-0.06910000,8.1700000,0.0300000,-0.0300000,6.6760000,0.0340000,-0.0340000,8.3192600,0.0010250,-0.0010250,2019-07-03,2019-07,2019-07-11
DS Tuc A b,DS Tuc A,0,2,1,Transit,2019,Transiting Exoplanet Survey Satellite (TESS),TESS Project Candidate,0,<a refstr=EXOFOP_TESS_TOI href=https://exofop.ipac.caltech.edu/tess/view_toi.php target=ref>ExoFOP-TESS TOI</a>,8.13822217724,0.00000304122,-0.00000304122,0,,,,,6.17576816,0.47273856,-0.47273856,0,0.55096608,0.04217498,-0.04217498,0,,,,,,,,,,,,,,115.8276,,,0,836.71,,,0,0,<a refstr=EXOFOP_TESS_TOI href=https://exofop.ipac.caltech.edu/tess/view_toi.php target=ref>ExoFOP-TESS TOI</a>,,5414.00,161.00,-161.00,0,0.951985,0.070578,-0.070578,0,,,,,,,,,,4.438000,,,0,<a refstr=STASSUN_ET_AL__2019 href=https://ui.adsabs.harvard.edu/abs/2019AJ....158..138S/abstract target=ref>TICv8</a>,23h39m39.71s,354.9154673,-69d11m45.75s,-69.1960430,44.06220000,0.06930000,-0.06910000,8.1700000,0.0300000,-0.0300000,6.6760000,0.0340000,-0.0340000,8.3192600,0.0010250,-0.0010250,2024-09-16,2017-07,2024-09-16
EPIC 201238110 b,EPIC 201238110,0,1,1,Transit,2019,K2,Published Candidate,0,<a refstr=KRUSE_ET_AL__2019 href=https://ui.adsabs.harvard.edu/abs/2019ApJS..244...11K/abstract target=ref>Kruse et al. 2019</a>,28.16960000000,0.00380000000,-0.00430000000,0,,,,,2.20000000,0.54000000,-0.30000000,0,0.20000000,0.04800000,-0.03000000,0,,,,,,,,,,,,,,,,,,,,,,0,<a refstr=KRUSE_ET_AL__2019 href=https://ui.adsabs.harvard.edu/abs/2019ApJS..244...11K/abstract target=ref>Kruse et al. 2019</a>,,,,,,0.374000,0.089000,-0.035000,0,,,,,,,,,,,,,,<a refstr=STASSUN_ET_AL__2019 href=https://ui.adsabs.harvard.edu/abs/2019AJ....158..138S/abstract target=ref>TICv8</a>,11h58m49.40s,179.7058532,-03d23m22.06s,-3.3894613,159.25900000,1.41400000,-1.39000000,16.0140000,1.1330000,-1.1330000,11.9330000,0.0240000,-0.0240000,15.2612000,0.0005010,-0.0005010,2019-09-05,2019-09,2019-09-05
EPIC 201238110 b,EPIC 201238110,1,1,1,Transit,2019,K2,Published Confirmed,0,<a refstr=HELLER_ET_AL__2019 href=https://ui.adsabs.harvard.edu/abs/2019A&A...627A..66H/abstract target=ref>Heller et al. 2019</a>,28.16560000000,0.00270000000,-0.00280000000,0,,,,,1.87000000,0.20000000,-0.45000000,0,0.16683023,0.01784280,-0.04014631,0,,,,,,,,,,,,,,,,,,,,,,0,<a refstr=HELLER_ET_AL__2019 href=https://ui.adsabs.harvard.edu/abs/2019A&A...627A..66H/abstract target=ref>Heller et al. 2019</a>,,,,,,,,,,0.410000,0.112000,-0.048000,0,,,,,,,,,,<a refstr=STASSUN_ET_AL__2019 href=https://ui.adsabs.harvard.edu/abs/2019AJ....158..138S/abstract target=ref>TICv8</a>,11h58m49.40s,179.7058532,-03d23m22.06s,-3.3894613,159.25900000,1.41400000,-1.39000000,16.0140000,1.1330000,-1.1330000,11.9330000,0.0240000,-0.0240000,15.2612000,0.0005010,-0.0005010,2019-06-03,2019-07,2019-06-13
EPIC 201497682 b,EPIC 201497682,1,1,1,Transit,2019,K2,Published Confirmed,0,<a refstr=HELLER_ET_AL__2019 href=https://ui.adsabs.harvard.edu/abs/2019A&A...627A..66H/abstract target=ref>Heller et al. 2019</a>,2.13174000000,0.00022000000,-0.00022000000,0,,,,,0.69200000,0.05900000,-0.04800000,0,0.06173610,0.00526363,-0.00428227,0,,,,,,,,,,,,,,,,,,,,,,0,<a refstr=HELLER_ET_AL__2019 href=https://ui.adsabs.harvard.edu/abs/2019A&A...627A..66H/abstract target=ref>Heller et al. 2019</a>,,,,,,,,,,0.780000,0.085000,-0.170000,0,,,,,,,,,,<a refstr=STASSUN_ET_AL__2019 href=https://ui.adsabs.harvard.edu/abs/2019AJ....158..138S/abstract target=ref>TICv8</a>,11h15m44.80s,168.9366786,+00d29m17.02s,0.4880606,253.02600000,1.66400000,-1.66400000,13.9480000,0.1830000,-0.1830000,11.4380000,0.0260000,-0.0260000,13.7368000,0.0003230,-0.0003230,2019-06-03,2019-07,2019-06-13
EPIC 201615463 c,K2-166,1,1,2,Transit,2019,K2,Published Confirmed,0,<a refstr=HELLER_ET_AL__2019 href=https://ui.adsabs.harvard.edu/abs/2019A&A...627A..66H/abstract target=ref>Heller et al. 2019</a>,3.80464000000,0.00091000000,-0.00105000000,0,,,,,1.22000000,0.21000000,-0.17000000,0,0.10884111,0.01873495,-0.01516638,0,,,,,,,,,,,,,,,,,,,,,,0,<a refstr=HELLER_ET_AL__2019 href=https://ui.adsabs.harvard.edu/abs/2019A&A...627A..66H/abstract target=ref>Heller et al. 2019</a>,,,,,,,,,,1.073000,0.034000,-0.034000,0,,,,,,,,,,<a refstr=STASSUN_ET_AL__2019 href=https://ui.adsabs.harvard.edu/abs/2019AJ....158..138S/abstract target=ref>TICv8</a>,12h20m45.14s,185.1880932,+02d16m56.56s,2.2823788,476.88200000,9.69200000,-9.32100000,12.0810000,0.0460000,-0.0460000,10.6370000,0.0220000,-0.0220000,11.9456000,0.0002360,-0.0002360,2019-06-03,2019-07,2019-06-13
EPIC 201754305 d,K2-16,1,1,3,Transit,2019,K2,Published Confirmed,0,<a refstr=HELLER_ET_AL__2019 href=https://ui.adsabs.harvard.edu/abs/2019A&A...627A..66H/abstract target=ref>Heller et al. 2019</a>,2.71578000000,0.00031000000,-0.00031000000,0,,,,,1.03000000,0.08500000,-0.08600000,0,0.09189045,0.00758319,-0.00767241,0,,,,,,,,,,,,,,,,,,,,,,0,<a refstr=HELLER_ET_AL__2019 href=https://ui.adsabs.harvard.edu/abs/2019A&A...627A..66H/abstract target=ref>Heller et al. 2019</a>,,,,,,,,,,0.670000,0.030000,-0.040000,0,,,,,,,,,,<a refstr=STASSUN_ET_AL__2019 href=https://ui.adsabs.harvard.edu/abs/2019AJ....158..138S/abstract target=ref>TICv8</a>,11h40m23.33s,175.0972238,+04d33m26.75s,4.5574311,334.96700000,4.17850000,-4.17850000,14.6680000,0.1370000,-0.1370000,12.0870000,0.0230000,-0.0230000,14.3234000,0.0003590,-0.0003590,2019-06-03,2019-07,2019-06-13
EPIC 201833600 c,K2-50,0,1,2,Transit,2019,K2,Published Candidate,0,<a refstr=KRUSE_ET_AL__2019 href=https://ui.adsabs.harvard.edu/abs/2019ApJS..244...11K/abstract target=ref>Kruse et al. 2019</a>,3.96165000000,0.00035000000,-0.00034000000,0,,,,,1.48000000,0.14000000,-0.21000000,0,0.13200000,0.01200000,-0.01900000,0,,,,,,,,,,,,,,,,,,,,,,0,<a refstr=KRUSE_ET_AL__2019 href=https://ui.adsabs.harvard.edu/abs/2019ApJS..244...11K/abstract target=ref>Kruse et al. 2019</a>,,,,,,0.634000,0.039000,-0.045000,0,,,,,,,,,,,,,,<a refstr=STASSUN_ET_AL__2019 href=https://ui.adsabs.harvard.edu/abs/2019AJ....158..138S/abstract target=ref>TICv8</a>,11h17m56.08s,169.4836540,+05d59m17.84s,5.9882890,257.44300000,3.23900000,-3.23900000,14.7050000,0.1600000,-0.1600000,11.6640000,0.0230000,-0.0230000,14.2575000,0.0005130,-0.0005130,2019-09-05,2019-09,2019-09-05
EPIC 201833600 c,K2-50,1,1,2,Transit,2019,K2,Published Confirmed,0,<a refstr=HELLER_ET_AL__2019 href=https://ui.adsabs.harvard.edu/abs/2019A&A...627A..66H/abstract target=ref>Heller et al. 2019</a>,3.96151000000,0.00046000000,-0.00051000000,0,,,,,1.00000000,0.12000000,-0.11000000,0,0.08921402,0.01070568,-0.00981354,0,,,,,,,,,,,,,,,,,,,,,,0,<a refstr=HELLER_ET_AL__2019 href=https://ui.adsabs.harvard.edu/abs/2019A&A...627A..66H/abstract target=ref>Heller et al. 2019</a>,,,,,,,,,,0.611000,0.056000,-0.056000,0,,,,,,,,,,<a refstr=STASSUN_ET_AL__2019 href=https://ui.adsabs.harvard.edu/abs/2019AJ....158..138S/abstract target=ref>TICv8</a>,11h17m56.08s,169.4836540,+05d59m17.84s,5.9882890,257.44300000,3.23900000,-3.23900000,14.7050000,0.1600000,-0.1600000,11.6640000,0.0230000,-0.0230000,14.2575000,0.0005130,-0.0005130,2019-06-03,2019-07,2019-06-13
EPIC 201841433 b,EPIC 201841433,0,1,1,Transit,2019,K2,Published Confirmed,0,<a refstr=HELLER_ET_AL__2019 href=https://ui.adsabs.harvard.edu/abs/2019A&A...627A..66H/abstract target=ref>Heller et al. 2019</a>,4.16959000000,0.00051000000,-0.00053000000,0,,,,,1.10000000,0.14000000,-0.12000000,0,0.09813543,0.01248996,-0.01070568,0,,,,,,,,,,,,,,,,,,,,,,0,<a refstr=HELLER_ET_AL__2019 href=https://ui.adsabs.harvard.edu/abs/2019A&A...627A..66H/abstract target=ref>Heller et al. 2019</a>,,,,,,,,,,0.802000,0.081000,-0.163000,0,,,,,,,,,,<a refstr=STASSUN_ET_AL__2019 href=https://ui.adsabs.harvard.edu/abs/2019AJ....158..138S/abstract target=ref>TICv8</a>,11h40m49.62s,175.2067520,+06d08m05.33s,6.1348146,436.48800000,8.17800100,-7.88800000,14.9830000,0.1140000,-0.1140000,12.4540000,0.0300000,-0.0300000,14.5885000,0.0005100,-0.0005100,2020-11-13,2019-07,2019-06-13
EPIC 201841433 b,EPIC 201841433,0,1,1,Transit,2019,K2,Published Candidate,0,<a refstr=KRUSE_ET_AL__2019 href=https://ui.adsabs.harvard.edu/abs/2019ApJS..244...11K/abstract target=ref>Kruse et al. 2019</a>,4.16888000000,0.00050000000,-0.00056000000,0,,,,,1.41000000,0.15000000,-0.34000000,0,0.12600000,0.01300000,-0.03000000,0,,,,,,,,,,,,,,,,,,,,,,0,<a refstr=KRUSE_ET_AL__2019 href=https://ui.adsabs.harvard.edu/abs/2019ApJS..244...11K/abstract target=ref>Kruse et al. 2019</a>,,,,,,0.628000,0.025000,-0.043000,0,,,,,,,,,,,,,,<a refstr=STASSUN_ET_AL__2019 href=https://ui.adsabs.harvard.edu/abs/2019AJ....158..138S/abstract target=ref>TICv8</a>,11h40m49.62s,175.2067520,+06d08m05.33s,6.1348146,436.48800000,8.17800100,-7.88800000,14.9830000,0.1140000,-0.1140000,12.4540000,0.0300000,-0.0300000,14.5885000,0.0005100,-0.0005100,2019-09-05,2019-09,2019-09-05
EPIC 201841433 b,EPIC 201841433,1,1,1,Transit,2019,K2,Published Confirmed,0,<a refstr=DEL_SER__AMP__FORS_2020 href=https://ui.adsabs.harvard.edu/abs/2020MNRAS.498.2778D/abstract target=ref>del Ser &amp; Fors 2020</a>,4.16980000000,0.00010000000,-0.00010000000,0,0.0350000000,0.0009000000,-0.0010000000,0,1.04000000,0.03700000,-0.03200000,0,0.09278259,0.00330092,-0.00285485,0,,,,,,,,,,,,,,,,,,,,,,0,<a refstr=DEL_SER__AMP__FORS_2020 href=https://ui.adsabs.harvard.edu/abs/2020MNRAS.498.2778D/abstract target=ref>del Ser &amp; Fors 2020</a>,,5053.00,103.00,-166.00,0,0.628461,0.043420,-0.024858,0,0.802000,0.081000,-0.163000,0,0.0000,,,0,[Fe/H],4.595000,0.050000,-2.860000,0,<a refstr=STASSUN_ET_AL__2019 href=https://ui.adsabs.harvard.edu/abs/2019AJ....158..138S/abstract target=ref>TICv8</a>,11h40m49.62s,175.2067520,+06d08m05.33s,6.1348146,436.48800000,8.17800100,-7.88800000,14.9830000,0.1140000,-0.1140000,12.4540000,0.0300000,-0.0300000,14.5885000,0.0005100,-0.0005100,2020-11-13,2020-08,2020-11-19
EPIC 205950854 c,K2-168,1,1,2,Transit,2019,K2,Published Confirmed,0,<a refstr=HEDGES_ET_AL__2019 href=https://ui.adsabs.harvard.edu/abs/2019ApJ...880L...5H/abstract target=ref>Hedges et al. 2019</a>,8.05072200000,0.00007500000,-0.00003800000,0,,,,,1.31000000,0.14400000,-0.06300000,0,0.11687037,0.01284682,-0.00562048,0,,,,,,,,,,,,,,,,,,960.60,20.50,-10.20,0,0,<a refstr=HEDGES_ET_AL__2019 href=https://ui.adsabs.harvard.edu/abs/2019ApJ...880L...5H/abstract target=ref>Hedges et al. 2019</a>,,5502.70,101.00,-50.50,0,0.830000,0.087000,-0.043000,0,0.877000,0.060000,-0.029000,0,,,,,,,,,,<a refstr=STASSUN_ET_AL__2019 href=https://ui.adsabs.harvard.edu/abs/2019AJ....158..138S/abstract target=ref>TICv8</a>,22h12m26.42s,333.1100738,-16d20m30.79s,-16.3418863,243.93500000,4.23900000,-4.09900000,12.3650000,0.0690000,-0.0690000,10.5490000,0.0240000,-0.0240000,12.0976000,0.0003050,-0.0003050,2019-08-09,2019-07,2019-08-15
EPIC 205950854 c,K2-168,0,1,2,Transit,2019,K2,Published Confirmed,0,<a refstr=HELLER_ET_AL__2019 href=https://ui.adsabs.harvard.edu/abs/2019A&A...627A..66H/abstract target=ref>Heller et al. 2019</a>,8.04680000000,0.00240000000,-0.00250000000,0,,,,,1.18000000,0.13000000,-0.10000000,0,0.10527255,0.01159782,-0.00892140,0,,,,,,,,,,,,,,,,,,,,,,0,<a refstr=HELLER_ET_AL__2019 href=https://ui.adsabs.harvard.edu/abs/2019A&A...627A..66H/abstract target=ref>Heller et al. 2019</a>,,,,,,,,,,0.907000,0.032000,-0.029000,0,,,,,,,,,,<a refstr=STASSUN_ET_AL__2019 href=https://ui.adsabs.harvard.edu/abs/2019AJ....158..138S/abstract target=ref>TICv8</a>,22h12m26.42s,333.1100738,-16d20m30.79s,-16.3418863,243.93500000,4.23900000,-4.09900000,12.3650000,0.0690000,-0.0690000,10.5490000,0.0240000,-0.0240000,12.0976000,0.0003050,-0.0003050,2019-08-09,2019-07,2019-06-13
EPIC 205950854 c,K2-168,0,1,2,Transit,2019,K2,Published Candidate,0,<a refstr=KRUSE_ET_AL__2019 href=https://ui.adsabs.harvard.edu/abs/2019ApJS..244...11K/abstract target=ref>Kruse et al. 2019</a>,8.05160000000,0.00120000000,-0.00110000000,0,,,,,1.62000000,0.16000000,-0.38000000,0,0.14500000,0.01400000,-0.03400000,0,,,,,,,,,,,,,,,,,,,,,,0,<a refstr=KRUSE_ET_AL__2019 href=https://ui.adsabs.harvard.edu/abs/2019ApJS..244...11K/abstract target=ref>Kruse et al. 2019</a>,,,,,,0.904000,0.037000,-0.013000,0,,,,,,,,,,,,,,<a refstr=STASSUN_ET_AL__2019 href=https://ui.adsabs.harvard.edu/abs/2019AJ....158..138S/abstract target=ref>TICv8</a>,22h12m26.42s,333.1100738,-16d20m30.79s,-16.3418863,243.93500000,4.23900000,-4.09900000,12.3650000,0.0690000,-0.0690000,10.5490000,0.0240000,-0.0240000,12.0976000,0.0003050,-0.0003050,2019-09-05,2019-09,2019-09-05
EPIC 206024342 b,EPIC 206024342,1,1,3,Transit,2019,K2,Published Confirmed,0,<a refstr=HELLER_ET_AL__2019 href=https://ui.adsabs.harvard.edu/abs/2019A&A...627A..66H/abstract target=ref>Heller et al. 2019</a>,4.50756000000,0.00062000000,-0.00060000000,0,,,,,1.70000000,0.59000000,-0.31000000,0,0.15166384,0.05263627,-0.02765635,0,,,,,,,,,,,,,,,,,,,,,,0,<a refstr=HELLER_ET_AL__2019 href=https://ui.adsabs.harvard.edu/abs/2019A&A...627A..66H/abstract target=ref>Heller et al. 2019</a>,,,,,,,,,,0.928000,0.082000,-0.098000,0,,,,,,,,,,<a refstr=STASSUN_ET_AL__2019 href=https://ui.adsabs.harvard.edu/abs/2019AJ....158..138S/abstract target=ref>TICv8</a>,22h05m06.51s,331.2771441,-14d07m18.49s,-14.1218019,369.88800000,4.99000000,-4.86000000,13.0960000,0.0800000,-0.0800000,11.4870000,0.0230000,-0.0230000,12.9682000,0.0003840,-0.0003840,2019-06-03,2019-07,2019-06-13
EPIC 206024342 b,EPIC 206024342,0,1,3,Transit,2019,K2,Published Candidate,0,<a refstr=KRUSE_ET_AL__2019 href=https://ui.adsabs.harvard.edu/abs/2019ApJS..244...11K/abstract target=ref>Kruse et al. 2019</a>,4.50717000000,0.00042000000,-0.00041000000,0,,,,,1.44000000,0.20000000,-0.18000000,0,0.12800000,0.02000000,-0.01600000,0,,,,,,,,,,,,,,,,,,,,,,0,<a refstr=KRUSE_ET_AL__2019 href=https://ui.adsabs.harvard.edu/abs/2019ApJS..244...11K/abstract target=ref>Kruse et al. 2019</a>,,,,,,0.823000,0.100000,-0.042000,0,,,,,,,,,,,,,,<a refstr=STASSUN_ET_AL__2019 href=https://ui.adsabs.harvard.edu/abs/2019AJ....158..138S/abstract target=ref>TICv8</a>,22h05m06.51s,331.2771441,-14d07m18.49s,-14.1218019,369.88800000,4.99000000,-4.86000000,13.0960000,0.0800000,-0.0800000,11.4870000,0.0230000,-0.0230000,12.9682000,0.0003840,-0.0003840,2019-09-05,2019-09,2019-09-05
EPIC 206032309 b,EPIC 206032309,1,1,1,Transit,2019,K2,Published Confirmed,0,<a refstr=HELLER_ET_AL__2019 href=https://ui.adsabs.harvard.edu/abs/2019A&A...627A..66H/abstract target=ref>Heller et al. 2019</a>,2.87814000000,0.00023000000,-0.00026000000,0,,,,,1.01000000,0.24000000,-0.13000000,0,0.09010616,0.02141137,-0.01159782,0,,,,,,,,,,,,,,,,,,,,,,0,<a refstr=HELLER_ET_AL__2019 href=https://ui.adsabs.harvard.edu/abs/2019A&A...627A..66H/abstract target=ref>Heller et al. 2019</a>,,,,,,,,,,0.221000,0.035000,-0.062000,0,,,,,,,,,,<a refstr=STASSUN_ET_AL__2019 href=https://ui.adsabs.harvard.edu/abs/2019AJ....158..138S/abstract target=ref>TICv8</a>,22h44m57.71s,341.2404563,-13d54m04.04s,-13.9011223,161.36500000,1.79300000,-1.79300000,17.8900000,0.2000000,-0.2000000,12.5380000,0.0260000,-0.0260000,16.0689000,0.0010700,-0.0010700,2019-06-03,2019-07,2019-06-13
EPIC 206042996 b,EPIC 206042996,0,1,2,Transit,2019,K2,Published Confirmed,0,<a refstr=HELLER_ET_AL__2019 href=https://ui.adsabs.harvard.edu/abs/2019A&A...627A..66H/abstract target=ref>Heller et al. 2019</a>,5.29711000000,0.00074000000,-0.00070000000,0,,,,,1.62000000,0.17000000,-0.19000000,0,0.14452672,0.01516638,-0.01695066,0,,,,,,,,,,,,,,,,,,,,,,0,<a refstr=HELLER_ET_AL__2019 href=https://ui.adsabs.harvard.edu/abs/2019A&A...627A..66H/abstract target=ref>Heller et al. 2019</a>,,,,,,,,,,0.565000,0.053000,-0.053000,0,,,,,,,,,,<a refstr=STASSUN_ET_AL__2019 href=https://ui.adsabs.harvard.edu/abs/2019AJ....158..138S/abstract target=ref>TICv8</a>,22h30m03.27s,337.5136198,-13d36m36.53s,-13.6101475,451.76900000,13.97600000,-13.17600000,16.5900000,1.1330000,-1.1330000,13.0710000,0.0330000,-0.0330000,15.9752000,0.0009690,-0.0009690,2019-06-03,2019-07,2019-06-13
EPIC 206042996 b,EPIC 206042996,1,1,2,Transit,2019,K2,Published Confirmed,0,<a refstr=ADAMS_ET_AL__2021 href=https://ui.adsabs.harvard.edu/abs/2021PSJ.....2..152A/abstract target=ref>Adams et al. 2021</a>,5.29860000000,0.00060000000,-0.00060000000,0,,,,,1.70000000,0.20000000,-0.20000000,0,0.15166410,0.01784284,-0.01784284,0,,,,,,,,,,,,,,,,,,,,,,0,<a refstr=ADAMS_ET_AL__2021 href=https://ui.adsabs.harvard.edu/abs/2021PSJ.....2..152A/abstract target=ref>Adams et al. 2021</a>,,4114.00,99.00,-99.00,0,0.500000,0.040000,-0.040000,0,,,,,0.0060,0.1200,-0.1200,0,[Fe/H],4.800000,0.050000,-0.050000,0,<a refstr=STASSUN_ET_AL__2019 href=https://ui.adsabs.harvard.edu/abs/2019AJ....158..138S/abstract target=ref>TICv8</a>,22h30m03.27s,337.5136198,-13d36m36.53s,-13.6101475,451.76900000,13.97600000,-13.17600000,16.5900000,1.1330000,-1.1330000,13.0710000,0.0330000,-0.0330000,15.9752000,0.0009690,-0.0009690,2022-03-28,2021-08,2022-03-28
EPIC 206042996 b,EPIC 206042996,0,1,2,Transit,2019,K2,Published Candidate,0,<a refstr=KRUSE_ET_AL__2019 href=https://ui.adsabs.harvard.edu/abs/2019ApJS..244...11K/abstract target=ref>Kruse et al. 2019</a>,5.29853000000,0.00080000000,-0.00094000000,0,,,,,3.32000000,0.62000000,-2.63000000,0,0.29600000,0.05500000,-0.23500000,0,,,,,,,,,,,,,,,,,,,,,,0,<a refstr=KRUSE_ET_AL__2019 href=https://ui.adsabs.harvard.edu/abs/2019ApJS..244...11K/abstract target=ref>Kruse et al. 2019</a>,,,,,,0.668000,0.070000,-0.035000,0,,,,,,,,,,,,,,<a refstr=STASSUN_ET_AL__2019 href=https://ui.adsabs.harvard.edu/abs/2019AJ....158..138S/abstract target=ref>TICv8</a>,22h30m03.27s,337.5136198,-13d36m36.53s,-13.6101475,451.76900000,13.97600000,-13.17600000,16.5900000,1.1330000,-1.1330000,13.0710000,0.0330000,-0.0330000,15.9752000,0.0009690,-0.0009690,2019-09-05,2019-09,2019-09-05
EPIC 206215704 b,EPIC 206215704,0,1,1,Transit,2019,K2,Published Candidate,0,<a refstr=KRUSE_ET_AL__2019 href=https://ui.adsabs.harvard.edu/abs/2019ApJS..244...11K/abstract target=ref>Kruse et al. 2019</a>,2.25558000000,0.00016000000,-0.00015000000,0,,,,,2.00000000,0.45000000,-0.54000000,0,0.20000000,0.04000000,-0.04800000,0,,,,,,,,,,,,,,,,,,,,,,0,<a refstr=KRUSE_ET_AL__2019 href=https://ui.adsabs.harvard.edu/abs/2019ApJS..244...11K/abstract target=ref>Kruse et al. 2019</a>,,,,,,0.367000,0.076000,-0.070000,0,,,,,,,,,,,,,,<a refstr=STASSUN_ET_AL__2019 href=https://ui.adsabs.harvard.edu/abs/2019AJ....158..138S/abstract target=ref>TICv8</a>,22h20m22.79s,335.0949721,-09d30m34.96s,-9.5097112,109.88800000,1.08000000,-1.08000000,17.8300000,0.2000000,-0.2000000,12.7670000,0.0290000,-0.0290000,16.1722000,0.0009790,-0.0009790,2019-09-05,2019-09,2019-09-05
EPIC 206215704 b,EPIC 206215704,1,1,1,Transit,2019,K2,Published Confirmed,0,<a refstr=ADAMS_ET_AL__2021 href=https://ui.adsabs.harvard.edu/abs/2021PSJ.....2..152A/abstract target=ref>Adams et al. 2021</a>,2.25543600000,0.00009100000,-0.00009100000,0,,,,,1.00000000,0.10000000,-0.09000000,0,0.08921418,0.00892142,-0.00802928,0,,,,,,,,,,,,,,,,,,,,,,0,<a refstr=ADAMS_ET_AL__2021 href=https://ui.adsabs.harvard.edu/abs/2021PSJ.....2..152A/abstract target=ref>Adams et al. 2021</a>,,3297.00,73.00,-73.00,0,0.250000,0.010000,-0.010000,0,,,,,-0.3300,0.0930,-0.0930,0,[Fe/H],4.900000,0.080000,-0.080000,0,<a refstr=STASSUN_ET_AL__2019 href=https://ui.adsabs.harvard.edu/abs/2019AJ....158..138S/abstract target=ref>TICv8</a>,22h20m22.79s,335.0949721,-09d30m34.96s,-9.5097112,109.88800000,1.08000000,-1.08000000,17.8300000,0.2000000,-0.2000000,12.7670000,0.0290000,-0.0290000,16.1722000,0.0009790,-0.0009790,2022-03-28,2021-08,2022-03-28
EPIC 206215704 b,EPIC 206215704,0,1,1,Transit,2019,K2,Published Confirmed,0,<a refstr=HELLER_ET_AL__2019 href=https://ui.adsabs.harvard.edu/abs/2019A&A...627A..66H/abstract target=ref>Heller et al. 2019</a>,2.25372000000,0.00047000000,-0.00047000000,0,,,,,0.90000000,0.19000000,-0.20000000,0,0.08029262,0.01695066,-0.01784280,0,,,,,,,,,,,,,,,,,,,,,,0,<a refstr=HELLER_ET_AL__2019 href=https://ui.adsabs.harvard.edu/abs/2019A&A...627A..66H/abstract target=ref>Heller et al. 2019</a>,,,,,,,,,,0.407000,0.095000,-0.079000,0,,,,,,,,,,<a refstr=STASSUN_ET_AL__2019 href=https://ui.adsabs.harvard.edu/abs/2019AJ....158..138S/abstract target=ref>TICv8</a>,22h20m22.79s,335.0949721,-09d30m34.96s,-9.5097112,109.88800000,1.08000000,-1.08000000,17.8300000,0.2000000,-0.2000000,12.7670000,0.0290000,-0.0290000,16.1722000,0.0009790,-0.0009790,2019-06-03,2019-07,2019-06-13
EPIC 206317286 b,EPIC 206317286,0,1,2,Transit,2019,K2,Published Candidate,0,<a refstr=KRUSE_ET_AL__2019 href=https://ui.adsabs.harvard.edu/abs/2019ApJS..244...11K/abstract target=ref>Kruse et al. 2019</a>,1.58316000000,0.00013000000,-0.00013000000,0,,,,,1.22000000,0.12000000,-0.19000000,0,0.10900000,0.01100000,-0.01700000,0,,,,,,,,,,,,,,,,,,,,,,0,<a refstr=KRUSE_ET_AL__2019 href=https://ui.adsabs.harvard.edu/abs/2019ApJS..244...11K/abstract target=ref>Kruse et al. 2019</a>,,,,,,0.669000,0.037000,-0.050000,0,,,,,,,,,,,,,,<a refstr=STASSUN_ET_AL__2019 href=https://ui.adsabs.harvard.edu/abs/2019AJ....158..138S/abstract target=ref>TICv8</a>,22h30m28.28s,337.6178427,-07d58m20.84s,-7.9724560,314.35000000,2.93600000,-2.88200000,14.0050000,0.0800000,-0.0800000,11.6350000,0.0250000,-0.0250000,13.7740000,0.0002990,-0.0002990,2019-09-05,2019-09,2019-09-05
EPIC 206317286 b,EPIC 206317286,1,1,2,Transit,2019,K2,Published Confirmed,0,<a refstr=HELLER_ET_AL__2019 href=https://ui.adsabs.harvard.edu/abs/2019A&A...627A..66H/abstract target=ref>Heller et al. 2019</a>,1.58252000000,0.00017000000,-0.00018000000,0,,,,,0.96000000,0.11000000,-0.15000000,0,0.08564546,0.00981354,-0.01338210,0,,,,,,,,,,,,,,,,,,,,,,0,<a refstr=HELLER_ET_AL__2019 href=https://ui.adsabs.harvard.edu/abs/2019A&A...627A..66H/abstract target=ref>Heller et al. 2019</a>,,,,,,,,,,0.711000,0.090000,-0.025000,0,,,,,,,,,,<a refstr=STASSUN_ET_AL__2019 href=https://ui.adsabs.harvard.edu/abs/2019AJ....158..138S/abstract target=ref>TICv8</a>,22h30m28.28s,337.6178427,-07d58m20.84s,-7.9724560,314.35000000,2.93600000,-2.88200000,14.0050000,0.0800000,-0.0800000,11.6350000,0.0250000,-0.0250000,13.7740000,0.0002990,-0.0002990,2019-06-03,2019-07,2019-06-13
EPIC 212297394 b,EPIC 212297394,0,1,2,Transit,2019,K2,Published Candidate,0,<a refstr=KRUSE_ET_AL__2019 href=https://ui.adsabs.harvard.edu/abs/2019ApJS..244...11K/abstract target=ref>Kruse et al. 2019</a>,2.28896000000,0.00025000000,-0.00024000000,0,,,,,1.83000000,0.18000000,-0.44000000,0,0.16300000,0.01600000,-0.03900000,0,,,,,,,,,,,,,,,,,,,,,,0,<a refstr=KRUSE_ET_AL__2019 href=https://ui.adsabs.harvard.edu/abs/2019ApJS..244...11K/abstract target=ref>Kruse et al. 2019</a>,,,,,,0.749000,0.025000,-0.010000,0,,,,,,,,,,,,,,<a refstr=STASSUN_ET_AL__2019 href=https://ui.adsabs.harvard.edu/abs/2019AJ....158..138S/abstract target=ref>TICv8</a>,13h48m49.47s,207.2061241,-17d36m35.63s,-17.6098985,418.39500000,7.35300000,-7.10700000,14.6110000,0.1140000,-0.1140000,12.1860000,0.0230000,-0.0230000,14.1864000,0.0003910,-0.0003910,2019-09-05,2019-09,2019-09-05
EPIC 212297394 b,EPIC 212297394,1,1,2,Transit,2019,K2,Published Confirmed,0,<a refstr=DE_LEON_ET_AL__2021 href=https://ui.adsabs.harvard.edu/abs/2021MNRAS.tmp.2120D/abstract target=ref>de Leon et al. 2021</a>,2.28936300000,0.00023200000,-0.00025100000,0,,,,,1.48000000,0.13000000,-0.11000000,0,0.13203698,0.01159784,-0.00981356,0,,,,,,,,,,,,,,,,,,1149.00,43.00,-44.00,0,0,<a refstr=DE_LEON_ET_AL__2021 href=https://ui.adsabs.harvard.edu/abs/2021MNRAS.tmp.2120D/abstract target=ref>de Leon et al. 2021</a>,,5171.00,172.00,-130.00,0,0.800000,0.030000,-0.030000,0,0.830000,0.050000,-0.040000,0,-0.0300,0.1500,-0.1600,0,[Fe/H],4.550000,0.030000,-0.030000,0,<a refstr=STASSUN_ET_AL__2019 href=https://ui.adsabs.harvard.edu/abs/2019AJ....158..138S/abstract target=ref>TICv8</a>,13h48m49.47s,207.2061241,-17d36m35.63s,-17.6098985,418.39500000,7.35300000,-7.10700000,14.6110000,0.1140000,-0.1140000,12.1860000,0.0230000,-0.0230000,14.1864000,0.0003910,-0.0003910,2021-08-30,2021-08,2021-08-30
EPIC 212297394 b,EPIC 212297394,0,1,2,Transit,2019,K2,Published Confirmed,0,<a refstr=HELLER_ET_AL__2019 href=https://ui.adsabs.harvard.edu/abs/2019A&A...627A..66H/abstract target=ref>Heller et al. 2019</a>,2.28943000000,0.00019000000,-0.00019000000,0,,,,,1.32300000,0.08100000,-0.09500000,0,0.11803015,0.00722634,-0.00847533,0,,,,,,,,,,,,,,,,,,,,,,0,<a refstr=HELLER_ET_AL__2019 href=https://ui.adsabs.harvard.edu/abs/2019A&A...627A..66H/abstract target=ref>Heller et al. 2019</a>,,,,,,,,,,0.829000,0.087000,-0.121000,0,,,,,,,,,,<a refstr=STASSUN_ET_AL__2019 href=https://ui.adsabs.harvard.edu/abs/2019AJ....158..138S/abstract target=ref>TICv8</a>,13h48m49.47s,207.2061241,-17d36m35.63s,-17.6098985,418.39500000,7.35300000,-7.10700000,14.6110000,0.1140000,-0.1140000,12.1860000,0.0230000,-0.0230000,14.1864000,0.0003910,-0.0003910,2019-06-03,2019-07,2019-06-13
EPIC 212424622 b,EPIC 212424622,0,1,1,Transit,2019,K2,Published Candidate,0,<a refstr=KRUSE_ET_AL__2019 href=https://ui.adsabs.harvard.edu/abs/2019ApJS..244...11K/abstract target=ref>Kruse et al. 2019</a>,18.09710000000,0.00440000000,-0.00440000000,0,,,,,2.21000000,0.19000000,-0.43000000,0,0.19700000,0.01700000,-0.03800000,0,,,,,,,,,,,,,,,,,,,,,,0,<a refstr=KRUSE_ET_AL__2019 href=https://ui.adsabs.harvard.edu/abs/2019ApJS..244...11K/abstract target=ref>Kruse et al. 2019</a>,,,,,,1.224700,0.004900,-0.046900,0,,,,,,,,,,,,,,<a refstr=STASSUN_ET_AL__2019 href=https://ui.adsabs.harvard.edu/abs/2019AJ....158..138S/abstract target=ref>TICv8</a>,13h29m19.53s,202.3313765,-14d21m33.97s,-14.3594358,611.80400000,10.28500000,-9.95600000,13.4410000,0.1030000,-0.1030000,11.7750000,0.0210000,-0.0210000,13.2026000,0.0004130,-0.0004130,2019-09-05,2019-09,2019-09-05
EPIC 212424622 b,EPIC 212424622,1,1,1,Transit,2019,K2,Published Confirmed,0,<a refstr=HELLER_ET_AL__2019 href=https://ui.adsabs.harvard.edu/abs/2019A&A...627A..66H/abstract target=ref>Heller et al. 2019</a>,18.09830000000,0.00600000000,-0.00580000000,0,,,,,2.17000000,0.67000000,-0.42000000,0,0.19359443,0.05977340,-0.03746989,0,,,,,,,,,,,,,,,,,,,,,,0,<a refstr=HELLER_ET_AL__2019 href=https://ui.adsabs.harvard.edu/abs/2019A&A...627A..66H/abstract target=ref>Heller et al. 2019</a>,,,,,,,,,,1.106000,0.145000,-0.120000,0,,,,,,,,,,<a refstr=STASSUN_ET_AL__2019 href=https://ui.adsabs.harvard.edu/abs/2019AJ....158..138S/abstract target=ref>TICv8</a>,13h29m19.53s,202.3313765,-14d21m33.97s,-14.3594358,611.80400000,10.28500000,-9.95600000,13.4410000,0.1030000,-0.1030000,11.7750000,0.0210000,-0.0210000,13.2026000,0.0004130,-0.0004130,2019-06-03,2019-07,2019-06-13
EPIC 212499991 b,EPIC 212499991,1,1,1,Transit,2019,K2,Published Confirmed,0,<a refstr=HELLER_ET_AL__2019 href=https://ui.adsabs.harvard.edu/abs/2019A&A...627A..66H/abstract target=ref>Heller et al. 2019</a>,34.88500000000,0.01100000000,-0.01000000000,0,,,,,1.60000000,0.13000000,-0.16000000,0,0.14274244,0.01159782,-0.01427424,0,,,,,,,,,,,,,,,,,,,,,,0,<a refstr=HELLER_ET_AL__2019 href=https://ui.adsabs.harvard.edu/abs/2019A&A...627A..66H/abstract target=ref>Heller et al. 2019</a>,,,,,,,,,,0.912000,0.037000,-0.162000,0,,,,,,,,,,<a refstr=STASSUN_ET_AL__2019 href=https://ui.adsabs.harvard.edu/abs/2019AJ....158..138S/abstract target=ref>TICv8</a>,13h29m57.30s,202.4887520,-12d44m05.19s,-12.7347749,283.29000000,2.04300000,-2.01500000,13.6720000,0.0920000,-0.0920000,11.3660000,0.0230000,-0.0230000,13.3118000,0.0002500,-0.0002500,2019-06-03,2019-07,2019-06-13
EPIC 212587672 b,EPIC 212587672,1,1,2,Transit,2019,K2,Published Confirmed,0,<a refstr=DE_LEON_ET_AL__2021 href=https://ui.adsabs.harvard.edu/abs/2021MNRAS.tmp.2120D/abstract target=ref>de Leon et al. 2021</a>,15.28078000000,0.00012100000,-0.00011600000,0,,,,,1.26000000,0.11000000,-0.09000000,0,0.11240986,0.00981356,-0.00802928,0,,,,,,,,,,,,,,,,,,756.00,14.00,-15.00,0,0,<a refstr=DE_LEON_ET_AL__2021 href=https://ui.adsabs.harvard.edu/abs/2021MNRAS.tmp.2120D/abstract target=ref>de Leon et al. 2021</a>,,6004.00,77.00,-78.00,0,0.980000,0.040000,-0.030000,0,0.990000,0.030000,-0.040000,0,-0.1800,0.0600,-0.0600,0,[Fe/H],4.450000,0.030000,-0.040000,0,<a refstr=STASSUN_ET_AL__2019 href=https://ui.adsabs.harvard.edu/abs/2019AJ....158..138S/abstract target=ref>TICv8</a>,13h41m46.68s,205.4445125,-10d51m45.17s,-10.8625468,320.07000000,6.39200000,-6.15200000,12.4880000,0.0440000,-0.0440000,10.8570000,0.0210000,-0.0210000,12.2038000,0.0002550,-0.0002550,2021-08-30,2021-08,2021-08-30
EPIC 212587672 b,EPIC 212587672,0,1,2,Transit,2019,K2,Published Confirmed,0,<a refstr=HELLER_ET_AL__2019 href=https://ui.adsabs.harvard.edu/abs/2019A&A...627A..66H/abstract target=ref>Heller et al. 2019</a>,15.28410000000,0.00370000000,-0.00290000000,0,,,,,1.12000000,0.12000000,-0.09000000,0,0.09991971,0.01070568,-0.00802926,0,,,,,,,,,,,,,,,,,,,,,,0,<a refstr=HELLER_ET_AL__2019 href=https://ui.adsabs.harvard.edu/abs/2019A&A...627A..66H/abstract target=ref>Heller et al. 2019</a>,,,,,,,,,,0.950000,0.040000,-0.040000,0,,,,,,,,,,<a refstr=STASSUN_ET_AL__2019 href=https://ui.adsabs.harvard.edu/abs/2019AJ....158..138S/abstract target=ref>TICv8</a>,13h41m46.68s,205.4445125,-10d51m45.17s,-10.8625468,320.07000000,6.39200000,-6.15200000,12.4880000,0.0440000,-0.0440000,10.8570000,0.0210000,-0.0210000,12.2038000,0.0002550,-0.0002550,2019-06-03,2019-07,2019-06-13
EPIC 212587672 b,EPIC 212587672,0,1,2,Transit,2019,K2,Published Candidate,0,<a refstr=KRUSE_ET_AL__2019 href=https://ui.adsabs.harvard.edu/abs/2019ApJS..244...11K/abstract target=ref>Kruse et al. 2019</a>,15.28410000000,0.00200000000,-0.00200000000,0,,,,,1.39000000,0.11000000,-0.21000000,0,0.12400000,0.00980000,-0.01900000,0,,,,,,,,,,,,,,,,,,,,,,0,<a refstr=KRUSE_ET_AL__2019 href=https://ui.adsabs.harvard.edu/abs/2019ApJS..244...11K/abstract target=ref>Kruse et al. 2019</a>,,,,,,0.975700,0.013300,-0.009800,0,,,,,,,,,,,,,,<a refstr=STASSUN_ET_AL__2019 href=https://ui.adsabs.harvard.edu/abs/2019AJ....158..138S/abstract target=ref>TICv8</a>,13h41m46.68s,205.4445125,-10d51m45.17s,-10.8625468,320.07000000,6.39200000,-6.15200000,12.4880000,0.0440000,-0.0440000,10.8570000,0.0210000,-0.0210000,12.2038000,0.0002550,-0.0002550,2019-09-05,2019-09,2019-09-05
EPIC 212737443 b,EPIC 212737443,0,1,2,Transit,2019,K2,Published Candidate,0,<a refstr=BARROS_ET_AL__2016 href=https://ui.adsabs.harvard.edu/abs/2016A&A...594A.100B/abstract target=ref>Barros et al. 2016</a>,13.60697954000,,,0,,,,,,,,,,,,,,,,,,,,,,,,,,,,,,,,,,0,<a refstr=STASSUN_ET_AL__2019 href=https://ui.adsabs.harvard.edu/abs/2019AJ....158..138S/abstract target=ref>TICv8</a>,,4581.00,122.00,-122.00,0,0.669035,,,0,0.724000,,,0,,,,,,4.646910,,,0,<a refstr=STASSUN_ET_AL__2019 href=https://ui.adsabs.harvard.edu/abs/2019AJ....158..138S/abstract target=ref>TICv8</a>,13h36m53.16s,204.2215065,-07d19m05.01s,-7.3180577,336.25000000,4.74300000,-4.61500000,14.8100000,0.1370000,-0.1370000,12.1600000,0.0240000,-0.0240000,14.4776000,0.0003860,-0.0003860,2016-12-21,2016-10,2016-12-21
EPIC 212737443 b,EPIC 212737443,0,1,2,Transit,2019,K2,Published Candidate,0,<a refstr=POPE_ET_AL__2016 href=https://ui.adsabs.harvard.edu/abs/2016MNRAS.461.3399P/abstract target=ref>Pope et al. 2016</a>,13.60300000000,,,0,,,,,,,,,,,,,,,,,,,,,,,,,,,,,,,,,,0,<a refstr=STASSUN_ET_AL__2019 href=https://ui.adsabs.harvard.edu/abs/2019AJ....158..138S/abstract target=ref>TICv8</a>,,4581.00,122.00,-122.00,0,0.669035,,,0,0.724000,,,0,,,,,,4.646910,,,0,<a refstr=STASSUN_ET_AL__2019 href=https://ui.adsabs.harvard.edu/abs/2019AJ....158..138S/abstract target=ref>TICv8</a>,13h36m53.16s,204.2215065,-07d19m05.01s,-7.3180577,336.25000000,4.74300000,-4.61500000,14.8100000,0.1370000,-0.1370000,12.1600000,0.0240000,-0.0240000,14.4776000,0.0003860,-0.0003860,2016-07-18,2016-10,2016-07-18
EPIC 212737443 b,EPIC 212737443,1,1,2,Transit,2019,K2,Published Confirmed,0,<a refstr=HERATH_ET_AL__2019 href=https://ui.adsabs.harvard.edu/abs/2019MNRAS.488..536H/abstract target=ref>Herath et al. 2019</a>,13.60300000000,0.00130000000,-0.00130000000,0,0.0980000000,0.0040000000,-0.0040000000,0,2.58600000,0.12600000,-0.12600000,0,0.23070747,0.01124097,-0.01124097,0,,,,,,,,,,0.200000,0.200000,-0.200000,0,,,,,536.00,18.00,-18.00,0,0,<a refstr=HERATH_ET_AL__2019 href=https://ui.adsabs.harvard.edu/abs/2019MNRAS.488..536H/abstract target=ref>Herath et al. 2019</a>,K3,4684.00,79.00,-79.00,0,0.673000,0.024000,-0.024000,0,0.690000,0.038000,-0.038000,0,-0.1370,0.1270,-0.1270,0,[Fe/H],4.622000,0.024000,-0.024000,0,<a refstr=STASSUN_ET_AL__2019 href=https://ui.adsabs.harvard.edu/abs/2019AJ....158..138S/abstract target=ref>TICv8</a>,13h36m53.16s,204.2215065,-07d19m05.01s,-7.3180577,336.25000000,4.74300000,-4.61500000,14.8100000,0.1370000,-0.1370000,12.1600000,0.0240000,-0.0240000,14.4776000,0.0003860,-0.0003860,2019-07-19,2019-09,2019-07-25
EPIC 212737443 c,EPIC 212737443,1,1,2,Transit,2019,K2,Published Confirmed,0,<a refstr=HERATH_ET_AL__2019 href=https://ui.adsabs.harvard.edu/abs/2019MNRAS.488..536H/abstract target=ref>Herath et al. 2019</a>,65.55000000000,0.00890000000,-0.00890000000,0,0.2800000000,0.0060000000,-0.0060000000,0,2.69000000,0.14600000,-0.14600000,0,0.23998573,0.01302525,-0.01302525,0,,,,,,,,,,0.200000,0.200000,-0.200000,0,,,,,316.00,10.00,-10.00,0,0,<a refstr=HERATH_ET_AL__2019 href=https://ui.adsabs.harvard.edu/abs/2019MNRAS.488..536H/abstract target=ref>Herath et al. 2019</a>,K3,4684.00,79.00,-79.00,0,0.673000,0.024000,-0.024000,0,0.690000,0.038000,-0.038000,0,-0.1370,0.1270,-0.1270,0,[Fe/H],4.622000,0.024000,-0.024000,0,<a refstr=STASSUN_ET_AL__2019 href=https://ui.adsabs.harvard.edu/abs/2019AJ....158..138S/abstract target=ref>TICv8</a>,13h36m53.16s,204.2215065,-07d19m05.01s,-7.3180577,336.25000000,4.74300000,-4.61500000,14.8100000,0.1370000,-0.1370000,12.1600000,0.0240000,-0.0240000,14.4776000,0.0003860,-0.0003860,2019-07-19,2019-09,2019-07-25
EPIC 220554210 c,K2-282,0,1,2,Transit,2019,K2,Published Confirmed,0,<a refstr=HELLER_ET_AL__2019 href=https://ui.adsabs.harvard.edu/abs/2019A&A...627A..66H/abstract target=ref>Heller et al. 2019</a>,0.70531000000,0.00005000000,-0.00005000000,0,,,,,1.48000000,0.13000000,-0.10000000,0,0.13203676,0.01159782,-0.00892140,0,,,,,,,,,,,,,,,,,,,,,,0,<a refstr=HELLER_ET_AL__2019 href=https://ui.adsabs.harvard.edu/abs/2019A&A...627A..66H/abstract target=ref>Heller et al. 2019</a>,,,,,,,,,,0.940000,0.040000,-0.040000,0,,,,,,,,,,<a refstr=STASSUN_ET_AL__2019 href=https://ui.adsabs.harvard.edu/abs/2019AJ....158..138S/abstract target=ref>TICv8</a>,00h53m43.72s,13.4321524,+07d59m43.05s,7.9952914,496.28900000,7.90200000,-7.66300000,14.2100000,0.1140000,-0.1140000,12.0020000,0.0210000,-0.0210000,13.8183000,0.0002780,-0.0002780,2019-06-03,2019-07,2019-06-13
EPIC 220554210 c,K2-282,0,1,2,Transit,2019,K2,Published Candidate,0,<a refstr=KRUSE_ET_AL__2019 href=https://ui.adsabs.harvard.edu/abs/2019ApJS..244...11K/abstract target=ref>Kruse et al. 2019</a>,0.70538600000,0.00005200000,-0.00004900000,0,,,,,1.73000000,0.15000000,-0.30000000,0,0.15400000,0.01300000,-0.03000000,0,,,,,,,,,,,,,,,,,,,,,,0,<a refstr=KRUSE_ET_AL__2019 href=https://ui.adsabs.harvard.edu/abs/2019ApJS..244...11K/abstract target=ref>Kruse et al. 2019</a>,,,,,,1.013000,0.045000,-0.045000,0,,,,,,,,,,,,,,<a refstr=STASSUN_ET_AL__2019 href=https://ui.adsabs.harvard.edu/abs/2019AJ....158..138S/abstract target=ref>TICv8</a>,00h53m43.72s,13.4321524,+07d59m43.05s,7.9952914,496.28900000,7.90200000,-7.66300000,14.2100000,0.1140000,-0.1140000,12.0020000,0.0210000,-0.0210000,13.8183000,0.0002780,-0.0002780,2019-09-05,2019-09,2019-09-05
EPIC 220554210 c,K2-282,1,1,2,Transit,2019,K2,Published Confirmed,0,<a refstr=ADAMS_ET_AL__2021 href=https://ui.adsabs.harvard.edu/abs/2021PSJ.....2..152A/abstract target=ref>Adams et al. 2021</a>,0.70531000000,0.00003700000,-0.00003700000,0,,,,,1.60000000,0.10000000,-0.10000000,0,0.14274268,0.00892142,-0.00892142,0,,,,,,,,,,,,,,,,,,,,,,0,<a refstr=ADAMS_ET_AL__2021 href=https://ui.adsabs.harvard.edu/abs/2021PSJ.....2..152A/abstract target=ref>Adams et al. 2021</a>,,5499.00,109.00,-109.00,0,1.000000,0.040000,-0.040000,0,,,,,-0.2300,0.1600,-0.1600,0,[Fe/H],4.500000,0.040000,-0.040000,0,<a refstr=STASSUN_ET_AL__2019 href=https://ui.adsabs.harvard.edu/abs/2019AJ....158..138S/abstract target=ref>TICv8</a>,00h53m43.72s,13.4321524,+07d59m43.05s,7.9952914,496.28900000,7.90200000,-7.66300000,14.2100000,0.1140000,-0.1140000,12.0020000,0.0210000,-0.0210000,13.8183000,0.0002780,-0.0002780,2022-03-28,2021-08,2022-03-28
G 9-40 b,G 9-40,0,1,1,Transit,2019,K2,Published Confirmed,0,<a refstr=KOKORI_ET_AL__2023 href=https://ui.adsabs.harvard.edu/abs/2023ApJS..265....4K/abstract target=ref>Kokori et al. 2023</a>,5.74599960000,0.00000200000,-0.00000200000,0,,,,,,,,,,,,,,,,,,,,,,,,,,,,,,,,,,0,<a refstr=STEFANSSON_ET_AL__2020 href=https://ui.adsabs.harvard.edu/abs/2020AJ....159..100S/abstract target=ref>Stefansson et al. 2020</a>,M2.5 V,3348.00,32.00,-32.00,0,0.307300,0.005900,-0.006100,0,0.290000,0.020000,-0.020000,0,0.0400,0.1000,-0.1100,0,[Fe/H],4.926000,0.027000,-0.027000,0,<a refstr=STASSUN_ET_AL__2019 href=https://ui.adsabs.harvard.edu/abs/2019AJ....158..138S/abstract target=ref>TICv8</a>,08h58m52.52s,134.7188514,+21d04m29.27s,21.0747961,27.92760000,0.04510000,-0.04500000,13.8210000,0.0440000,-0.0440000,9.1900000,0.0180000,-0.0180000,12.7331000,0.0004400,-0.0004400,2024-03-04,2023-03,2024-03-04
G 9-40 b,G 9-40,0,1,1,Transit,2019,K2,Published Confirmed,0,<a refstr=STEFANSSON_ET_AL__2020 href=https://ui.adsabs.harvard.edu/abs/2020AJ....159..100S/abstract target=ref>Stefansson et al. 2020</a>,5.74600700000,0.00000600000,-0.00000600000,0,0.0385000000,0.0078000000,-0.0053000000,0,2.02500000,0.09600000,-0.09700000,0,0.18065840,0.00856455,-0.00865376,0,11.70000000,,,1,0.03681232,,,1,Mass,0.000000,,,0,7.2000,2.5000,-2.2000,0,456.00,35.00,-40.00,0,0,<a refstr=STEFANSSON_ET_AL__2020 href=https://ui.adsabs.harvard.edu/abs/2020AJ....159..100S/abstract target=ref>Stefansson et al. 2020</a>,M2.5 V,3348.00,32.00,-32.00,0,0.307300,0.005900,-0.006100,0,0.290000,0.020000,-0.020000,0,0.0400,0.1000,-0.1100,0,[Fe/H],4.926000,0.027000,-0.027000,0,<a refstr=STASSUN_ET_AL__2019 href=https://ui.adsabs.harvard.edu/abs/2019AJ....158..138S/abstract target=ref>TICv8</a>,08h58m52.52s,134.7188514,+21d04m29.27s,21.0747961,27.92760000,0.04510000,-0.04500000,13.8210000,0.0440000,-0.0440000,9.1900000,0.0180000,-0.0180000,12.7331000,0.0004400,-0.0004400,2023-02-25,2020-03,2023-02-25
G 9-40 b,G 9-40,0,1,1,Transit,2019,K2,TESS Project Candidate,0,<a refstr=EXOFOP_TESS_TOI href=https://exofop.ipac.caltech.edu/tess/view_toi.php target=ref>ExoFOP-TESS TOI</a>,5.74599450000,0.00000610000,-0.00000610000,0,,,,,2.06081000,0.06185360,-0.06185360,0,0.18385347,0.00551822,-0.00551822,0,,,,,,,,,,,,,,3.9983,,,0,393.00,,,0,0,<a refstr=EXOFOP_TESS_TOI href=https://exofop.ipac.caltech.edu/tess/view_toi.php target=ref>ExoFOP-TESS TOI</a>,,3413.00,157.00,-157.00,0,0.320000,0.010000,-0.010000,0,,,,,,,,,,4.910000,,,0,<a refstr=STASSUN_ET_AL__2019 href=https://ui.adsabs.harvard.edu/abs/2019AJ....158..138S/abstract target=ref>TICv8</a>,08h58m52.52s,134.7188514,+21d04m29.27s,21.0747961,27.92760000,0.04510000,-0.04500000,13.8210000,0.0440000,-0.0440000,9.1900000,0.0180000,-0.0180000,12.7331000,0.0004400,-0.0004400,2024-02-05,2017-07,2024-02-05
G 9-40 b,G 9-40,1,1,1,Transit,2019,K2,Published Confirmed,0,<a refstr=LUQUE_ET_AL__2022 href=https://ui.adsabs.harvard.edu/abs/2022A&A...666A.154L/abstract target=ref>Luque et al. 2022</a>,5.74599820000,0.00000200000,-0.00000200000,0,0.0418000000,0.0006400000,-0.0006400000,0,1.90000000,0.06500000,-0.06500000,0,0.16950694,0.00579892,-0.00579892,0,4.00000000,0.63000000,-0.63000000,0,0.01258541,0.00198220,-0.00198220,0,Mass,0.000000,,,0,6.2700,0.1900,-0.1900,0,440.60,7.60,-7.60,0,0,<a refstr=LUQUE_ET_AL__2022 href=https://ui.adsabs.harvard.edu/abs/2022A&A...666A.154L/abstract target=ref>Luque et al. 2022</a>,,3395.00,51.00,-51.00,0,0.302600,0.009500,-0.009500,0,0.295200,0.013600,-0.013600,0,-0.0700,0.1600,-0.1600,0,[Fe/H],4.840000,0.040000,-0.040000,0,<a refstr=STASSUN_ET_AL__2019 href=https://ui.adsabs.harvard.edu/abs/2019AJ....158..138S/abstract target=ref>TICv8</a>,08h58m52.52s,134.7188514,+21d04m29.27s,21.0747961,27.92760000,0.04510000,-0.04500000,13.8210000,0.0440000,-0.0440000,9.1900000,0.0180000,-0.0180000,12.7331000,0.0004400,-0.0004400,2024-10-22,2022-10,2024-10-22
G 9-40 b,G 9-40,0,1,1,Transit,2019,K2,Published Candidate,0,<a refstr=YU_ET_AL__2018 href=https://ui.adsabs.harvard.edu/abs/2018AJ....156...22Y/abstract target=ref>Yu et al. 2018</a>,5.74591200000,,,0,,,,,,,,,,,,,,,,,,,,,,,,,,,,,,,,,,0,<a refstr=YU_ET_AL__2018 href=https://ui.adsabs.harvard.edu/abs/2018AJ....156...22Y/abstract target=ref>Yu et al. 2018</a>,,3390.00,20.00,-20.00,0,0.307000,0.003000,-0.003000,0,,,,,,,,,,4.943000,0.010000,-0.010000,0,<a refstr=STASSUN_ET_AL__2019 href=https://ui.adsabs.harvard.edu/abs/2019AJ....158..138S/abstract target=ref>TICv8</a>,08h58m52.52s,134.7188514,+21d04m29.27s,21.0747961,27.92760000,0.04510000,-0.04500000,13.8210000,0.0440000,-0.0440000,9.1900000,0.0180000,-0.0180000,12.7331000,0.0004400,-0.0004400,2019-02-26,2018-07,2019-02-26
GJ 143 b,GJ 143,1,1,2,Transit,2019,Transiting Exoplanet Survey Satellite (TESS),Published Confirmed,0,<a refstr=DRAGOMIR_ET_AL__2019 href=https://ui.adsabs.harvard.edu/abs/2019ApJ...875L...7D/abstract target=ref>Dragomir et al. 2019</a>,35.61253000000,0.00060000000,-0.00062000000,0,0.1915000000,0.0058000000,-0.0063000000,0,2.61000000,0.17000000,-0.16000000,0,0.23284860,0.01516638,-0.01427424,0,22.70000000,2.20000000,-1.90000000,0,0.07142183,0.00692194,-0.00597804,0,Mass,0.188000,0.076000,-0.078000,0,,,,,422.00,15.00,-14.00,0,0,<a refstr=DRAGOMIR_ET_AL__2019 href=https://ui.adsabs.harvard.edu/abs/2019ApJ...875L...7D/abstract target=ref>Dragomir et al. 2019</a>,K4.5,4640.00,100.00,-100.00,0,0.695000,0.030000,-0.030000,0,0.730000,0.070000,-0.070000,0,0.0030,0.0600,-0.0600,0,[Fe/H],4.613000,0.052000,-0.061000,0,<a refstr=STASSUN_ET_AL__2019 href=https://ui.adsabs.harvard.edu/abs/2019AJ....158..138S/abstract target=ref>TICv8</a>,03h27m00.05s,51.7501882,-63d30m00.60s,-63.5001660,16.32000000,0.00710000,-0.00710000,8.0800000,0.0300000,-0.0300000,5.3750000,0.0240000,-0.0240000,7.6790600,0.0002600,-0.0002600,2019-04-22,2019-04,2019-04-25
GJ 143 b,GJ 143,0,1,2,Transit,2019,Transiting Exoplanet Survey Satellite (TESS),Published Confirmed,0,<a refstr=TRIFONOV_ET_AL__2019 href=https://ui.adsabs.harvard.edu/abs/2019A&A...622L...7T/abstract target=ref>Trifonov et al. 2019</a>,35.58900000000,0.00600000000,-0.00500000000,0,0.1932000000,0.0002000000,-0.0002000000,0,,,,,,,,,30.63000000,2.63000000,-2.67000000,0,0.09637227,0.00827486,-0.00840072,0,Mass,0.325000,0.079000,-0.079000,0,,,,,,,,,0,<a refstr=TRIFONOV_ET_AL__2019 href=https://ui.adsabs.harvard.edu/abs/2019A&A...622L...7T/abstract target=ref>Trifonov et al. 2019</a>,,,,,,0.730000,0.010000,-0.010000,0,0.760000,0.030000,-0.020000,0,,,,,,,,,,<a refstr=STASSUN_ET_AL__2019 href=https://ui.adsabs.harvard.edu/abs/2019AJ....158..138S/abstract target=ref>TICv8</a>,03h27m00.05s,51.7501882,-63d30m00.60s,-63.5001660,16.32000000,0.00710000,-0.00710000,8.0800000,0.0300000,-0.0300000,5.3750000,0.0240000,-0.0240000,7.6790600,0.0002600,-0.0002600,2019-04-22,2019-02,2019-02-14
GJ 143 b,GJ 143,0,1,2,Transit,2019,Transiting Exoplanet Survey Satellite (TESS),TESS Project Candidate,0,<a refstr=EXOFOP_TESS_TOI href=https://exofop.ipac.caltech.edu/tess/view_toi.php target=ref>ExoFOP-TESS TOI</a>,35.61343910000,0.00003240000,-0.00003240000,0,,,,,3.12194000,0.29190700,-0.29190700,0,0.27852131,0.02604224,-0.02604224,0,,,,,,,,,,,,,,10.8612,,,0,505.00,,,0,0,<a refstr=EXOFOP_TESS_TOI href=https://exofop.ipac.caltech.edu/tess/view_toi.php target=ref>ExoFOP-TESS TOI</a>,,4628.53,91.92,-91.92,0,0.710000,0.060000,-0.060000,0,,,,,,,,,,4.322390,0.236802,-0.236802,0,<a refstr=STASSUN_ET_AL__2019 href=https://ui.adsabs.harvard.edu/abs/2019AJ....158..138S/abstract target=ref>TICv8</a>,03h27m00.05s,51.7501882,-63d30m00.60s,-63.5001660,16.32000000,0.00710000,-0.00710000,8.0800000,0.0300000,-0.0300000,5.3750000,0.0240000,-0.0240000,7.6790600,0.0002600,-0.0002600,2023-11-06,2017-07,2023-11-06
GJ 3512 b,GJ 3512,1,1,2,Radial Velocity,2019,Calar Alto Observatory,Published Confirmed,0,<a refstr=MORALES_ET_AL__2025 href=https://ui.adsabs.harvard.edu/abs/2025arXiv250715516M/abstract target=ref>Morales et al. 2025</a>,203.10900000000,0.03500000000,-0.03400000000,0,0.3376000000,0.0082000000,-0.0084000000,0,,,,,,,,,146.51889563,7.31005336,-7.31005336,0,0.46100000,0.02300000,-0.02300000,0,Msini,0.427900,0.003600,-0.003500,0,,,,,,,,,0,<a refstr=MORALES_ET_AL__2025 href=https://ui.adsabs.harvard.edu/abs/2025arXiv250715516M/abstract target=ref>Morales et al. 2025</a>,M5.5 V,3141.00,38.00,-38.00,0,0.139000,0.005000,-0.005000,0,0.123000,0.009000,-0.009000,0,-0.0700,0.1600,-0.1600,0,[Fe/H],,,,,<a refstr=STASSUN_ET_AL__2019 href=https://ui.adsabs.harvard.edu/abs/2019AJ....158..138S/abstract target=ref>TICv8</a>,08h41m19.60s,130.3316616,+59d29m30.61s,59.4918364,9.48637000,0.00857000,-0.00856000,15.1800000,0.2000000,-0.2000000,8.6680000,0.0210000,-0.0210000,13.1117000,0.0009610,-0.0009610,2025-08-28,2025-07,2025-08-28
GJ 3512 b,GJ 3512,0,1,2,Radial Velocity,2019,Calar Alto Observatory,Published Confirmed,0,<a refstr=LOPEZ_SANTIAGO_ET_AL__2020 href=https://ui.adsabs.harvard.edu/abs/2020AJ....160..273L/abstract target=ref>Lopez-Santiago et al. 2020</a>,203.69000000000,0.09000000000,-0.02000000000,0,0.3370000000,0.0010000000,-0.0010000000,0,,,,,,,,,146.20106722,6.35656814,-3.17828407,0,0.46000000,0.02000000,-0.01000000,0,Msini,0.440000,0.010000,-0.010000,0,,,,,,,,,0,<a refstr=MORALES_ET_AL__2019 href=https://ui.adsabs.harvard.edu/abs/2019Sci...365.1441M/abstract target=ref>Morales et al. 2019</a>,M5.5 V,3081.00,51.00,-51.00,0,0.139000,0.005000,-0.005000,0,0.123000,0.009000,-0.009000,0,-0.0700,0.1600,-0.1600,0,[Fe/H],,,,,<a refstr=STASSUN_ET_AL__2019 href=https://ui.adsabs.harvard.edu/abs/2019AJ....158..138S/abstract target=ref>TICv8</a>,08h41m19.60s,130.3316616,+59d29m30.61s,59.4918364,9.48637000,0.00857000,-0.00856000,15.1800000,0.2000000,-0.2000000,8.6680000,0.0210000,-0.0210000,13.1117000,0.0009610,-0.0009610,2022-07-18,2020-12,2022-07-18
GJ 3512 b,GJ 3512,0,1,2,Radial Velocity,2019,Calar Alto Observatory,Published Confirmed,0,<a refstr=MORALES_ET_AL__2019 href=https://ui.adsabs.harvard.edu/abs/2019Sci...365.1441M/abstract target=ref>Morales et al. 2019</a>,203.59000000000,0.14000000000,-0.14000000000,0,0.3380000000,0.0080000000,-0.0084000000,0,,,,,,,,,147.15529000,6.99226000,-7.31009000,0,0.46300000,0.02200000,-0.02300000,0,Msini,0.435600,0.004200,-0.004200,0,,,,,,,,,0,<a refstr=MORALES_ET_AL__2019 href=https://ui.adsabs.harvard.edu/abs/2019Sci...365.1441M/abstract target=ref>Morales et al. 2019</a>,M5.5 V,3081.00,51.00,-51.00,0,0.139000,0.005000,-0.005000,0,0.123000,0.009000,-0.009000,0,-0.0700,0.1600,-0.1600,0,[Fe/H],,,,,<a refstr=STASSUN_ET_AL__2019 href=https://ui.adsabs.harvard.edu/abs/2019AJ....158..138S/abstract target=ref>TICv8</a>,08h41m19.60s,130.3316616,+59d29m30.61s,59.4918364,9.48637000,0.00857000,-0.00856000,15.1800000,0.2000000,-0.2000000,8.6680000,0.0210000,-0.0210000,13.1117000,0.0009610,-0.0009610,2019-10-03,2019-09,2019-10-10
GJ 357 b,GJ 357,0,1,3,Transit,2019,Transiting Exoplanet Survey Satellite (TESS),Published Confirmed,0,<a refstr=KOKORI_ET_AL__2023 href=https://ui.adsabs.harvard.edu/abs/2023ApJS..265....4K/abstract target=ref>Kokori et al. 2023</a>,3.93062300000,0.00001000000,-0.00001000000,0,,,,,,,,,,,,,,,,,,,,,,,,,,,,,,,,,,0,<a refstr=LUQUE_ET_AL__2019 href=https://ui.adsabs.harvard.edu/abs/2019A&A...628A..39L/abstract target=ref>Luque et al. 2019</a>,M2.5 V,3505.00,51.00,-51.00,0,0.337000,0.015000,-0.015000,0,0.342000,0.011000,-0.011000,0,-0.1200,0.1600,-0.1600,0,[Fe/H],4.940000,0.070000,-0.070000,0,<a refstr=STASSUN_ET_AL__2019 href=https://ui.adsabs.harvard.edu/abs/2019AJ....158..138S/abstract target=ref>TICv8</a>,09h36m01.79s,144.0074644,-21d39m54.23s,-21.6650634,9.44181000,0.00511000,-0.00511000,10.9100000,0.1000000,-0.1000000,6.4750000,0.0170000,-0.0170000,9.8803600,0.0014400,-0.0014400,2024-03-04,2023-03,2024-03-04
GJ 357 b,GJ 357,1,1,3,Transit,2019,Transiting Exoplanet Survey Satellite (TESS),Published Confirmed,0,<a refstr=ODDO_ET_AL__2023 href=https://ui.adsabs.harvard.edu/abs/2023AJ....165..134O/abstract target=ref>Oddo et al. 2023</a>,3.93060000000,0.00000200000,-0.00000200000,0,0.0360000000,0.0004000000,-0.0004000000,0,1.20000000,0.06000000,-0.06000000,0,0.10705701,0.00535285,-0.00535285,0,,,,,,,,,,,,,,,,,,518.00,44.00,-44.00,0,0,<a refstr=ODDO_ET_AL__2023 href=https://ui.adsabs.harvard.edu/abs/2023AJ....165..134O/abstract target=ref>Oddo et al. 2023</a>,M2.5 V,3505.00,51.00,-51.00,0,0.337000,0.015000,-0.015000,0,0.342000,0.011000,-0.011000,0,-0.1200,0.1600,-0.1600,0,[Fe/H],4.940000,0.070000,-0.070000,0,<a refstr=STASSUN_ET_AL__2019 href=https://ui.adsabs.harvard.edu/abs/2019AJ....158..138S/abstract target=ref>TICv8</a>,09h36m01.79s,144.0074644,-21d39m54.23s,-21.6650634,9.44181000,0.00511000,-0.00511000,10.9100000,0.1000000,-0.1000000,6.4750000,0.0170000,-0.0170000,9.8803600,0.0014400,-0.0014400,2023-08-22,2023-03,2023-08-22
GJ 357 b,GJ 357,0,1,3,Transit,2019,Transiting Exoplanet Survey Satellite (TESS),TESS Project Candidate,0,<a refstr=EXOFOP_TESS_TOI href=https://exofop.ipac.caltech.edu/tess/view_toi.php target=ref>ExoFOP-TESS TOI</a>,3.93060270000,0.00000300000,-0.00000300000,0,,,,,1.26995000,0.05060950,-0.05060950,0,0.11329755,0.00451508,-0.00451508,0,,,,,,,,,,,,,,16.4901,,,0,561.00,,,0,0,<a refstr=EXOFOP_TESS_TOI href=https://exofop.ipac.caltech.edu/tess/view_toi.php target=ref>ExoFOP-TESS TOI</a>,,3505.00,90.00,-90.00,0,0.360000,0.010000,-0.010000,0,,,,,,,,,,4.905730,0.061793,-0.061793,0,<a refstr=STASSUN_ET_AL__2019 href=https://ui.adsabs.harvard.edu/abs/2019AJ....158..138S/abstract target=ref>TICv8</a>,09h36m01.79s,144.0074644,-21d39m54.23s,-21.6650634,9.44181000,0.00511000,-0.00511000,10.9100000,0.1000000,-0.1000000,6.4750000,0.0170000,-0.0170000,9.8803600,0.0014400,-0.0014400,2023-04-17,2017-07,2023-04-17
GJ 357 b,GJ 357,0,1,3,Transit,2019,Transiting Exoplanet Survey Satellite (TESS),Published Confirmed,0,<a refstr=LUQUE_ET_AL__2019 href=https://ui.adsabs.harvard.edu/abs/2019A&A...628A..39L/abstract target=ref>Luque et al. 2019</a>,3.93072000000,0.00008000000,-0.00006000000,0,0.0350000000,0.0020000000,-0.0020000000,0,1.21700000,0.08400000,-0.08300000,0,0.10857347,0.00749398,-0.00740476,0,1.84000000,0.31000000,-0.31000000,0,0.00578926,0.00097536,-0.00097536,0,Mass,,,,,12.6000,1.1000,-0.8000,0,525.00,11.00,-9.00,0,0,<a refstr=LUQUE_ET_AL__2019 href=https://ui.adsabs.harvard.edu/abs/2019A&A...628A..39L/abstract target=ref>Luque et al. 2019</a>,M2.5 V,3505.00,51.00,-51.00,0,0.337000,0.015000,-0.015000,0,0.342000,0.011000,-0.011000,0,-0.1200,0.1600,-0.1600,0,[Fe/H],4.940000,0.070000,-0.070000,0,<a refstr=STASSUN_ET_AL__2019 href=https://ui.adsabs.harvard.edu/abs/2019AJ....158..138S/abstract target=ref>TICv8</a>,09h36m01.79s,144.0074644,-21d39m54.23s,-21.6650634,9.44181000,0.00511000,-0.00511000,10.9100000,0.1000000,-0.1000000,6.4750000,0.0170000,-0.0170000,9.8803600,0.0014400,-0.0014400,2019-08-09,2019-08,2019-08-15
GJ 357 c,GJ 357,1,1,3,Radial Velocity,2019,Multiple Observatories,Published Confirmed,0,<a refstr=LUQUE_ET_AL__2019 href=https://ui.adsabs.harvard.edu/abs/2019A&A...628A..39L/abstract target=ref>Luque et al. 2019</a>,9.12470000000,0.00110000000,-0.00100000000,0,0.0610000000,0.0040000000,-0.0040000000,0,,,,,,,,,3.40000000,0.46000000,-0.46000000,0,0.01069754,0.00144731,-0.00144731,0,Msini,,,,,4.4500,0.1400,-0.1400,0,401.20,10.80,-10.70,0,0,<a refstr=LUQUE_ET_AL__2019 href=https://ui.adsabs.harvard.edu/abs/2019A&A...628A..39L/abstract target=ref>Luque et al. 2019</a>,M2.5 V,3505.00,51.00,-51.00,0,0.337000,0.015000,-0.015000,0,0.342000,0.011000,-0.011000,0,-0.1200,0.1600,-0.1600,0,[Fe/H],4.940000,0.070000,-0.070000,0,<a refstr=STASSUN_ET_AL__2019 href=https://ui.adsabs.harvard.edu/abs/2019AJ....158..138S/abstract target=ref>TICv8</a>,09h36m01.79s,144.0074644,-21d39m54.23s,-21.6650634,9.44181000,0.00511000,-0.00511000,10.9100000,0.1000000,-0.1000000,6.4750000,0.0170000,-0.0170000,9.8803600,0.0014400,-0.0014400,2019-07-29,2019-08,2019-08-01
GJ 357 d,GJ 357,1,1,3,Radial Velocity,2019,Multiple Observatories,Published Confirmed,0,<a refstr=LUQUE_ET_AL__2019 href=https://ui.adsabs.harvard.edu/abs/2019A&A...628A..39L/abstract target=ref>Luque et al. 2019</a>,55.66100000000,0.05500000000,-0.05500000000,0,0.2040000000,0.0150000000,-0.0150000000,0,,,,,,,,,6.10000000,1.00000000,-1.00000000,0,0.01919265,0.00314634,-0.00314634,0,Msini,,,,,0.3800,0.0100,-0.0100,0,219.60,5.90,-5.90,0,0,<a refstr=LUQUE_ET_AL__2019 href=https://ui.adsabs.harvard.edu/abs/2019A&A...628A..39L/abstract target=ref>Luque et al. 2019</a>,M2.5 V,3505.00,51.00,-51.00,0,0.337000,0.015000,-0.015000,0,0.342000,0.011000,-0.011000,0,-0.1200,0.1600,-0.1600,0,[Fe/H],4.940000,0.070000,-0.070000,0,<a refstr=STASSUN_ET_AL__2019 href=https://ui.adsabs.harvard.edu/abs/2019AJ....158..138S/abstract target=ref>TICv8</a>,09h36m01.79s,144.0074644,-21d39m54.23s,-21.6650634,9.44181000,0.00511000,-0.00511000,10.9100000,0.1000000,-0.1000000,6.4750000,0.0170000,-0.0170000,9.8803600,0.0014400,-0.0014400,2019-07-29,2019-08,2019-08-01
GJ 411 b,GJ 411,0,1,2,Radial Velocity,2019,Haute-Provence Observatory,Published Confirmed,0,<a refstr=ROSENTHAL_ET_AL__2021 href=https://ui.adsabs.harvard.edu/abs/2021ApJS..255....8R/abstract target=ref>Rosenthal et al. 2021</a>,12.93820000000,0.00180000000,-0.00160000000,0,0.0789200000,0.0005400000,-0.0005500000,0,,,,,,,,,2.80324655,0.29240213,-0.31147184,0,0.00882000,0.00092000,-0.00098000,0,Msini,0.095000,0.099000,-0.066000,0,,,,,,,,,0,<a refstr=ROSENTHAL_ET_AL__2021 href=https://ui.adsabs.harvard.edu/abs/2021ApJS..255....8R/abstract target=ref>Rosenthal et al. 2021</a>,,3719.95,28.30,-28.30,0,0.369083,0.006667,-0.006667,0,0.391846,0.008168,-0.008168,0,-0.3612,0.0817,-0.0817,0,[Fe/H],4.895040,0.008878,-0.008878,0,<a refstr=STASSUN_ET_AL__2019 href=https://ui.adsabs.harvard.edu/abs/2019AJ....158..138S/abstract target=ref>TICv8</a>,11h03m20.27s,165.8344710,+35d58m20.34s,35.9723170,5.67577300,0.00590990,-0.00590990,7.4900000,0.1000000,-0.1000000,3.5010000,0.3520000,-0.3520000,,,,2021-09-20,2021-07,2021-09-20
GJ 411 b,GJ 411,0,1,2,Radial Velocity,2019,Haute-Provence Observatory,Published Confirmed,0,<a refstr=STOCK_ET_AL__2020 href=https://ui.adsabs.harvard.edu/abs/2020A&A...643A.112S/abstract target=ref>Stock et al. 2020</a>,12.94600000000,0.00500000000,-0.00500000000,0,0.0789000000,0.0006800000,-0.0007700000,0,,,,,,,,,2.69000000,0.25000000,-0.25000000,0,0.00846364,0.00078658,-0.00078658,0,Msini,0.120000,0.120000,-0.090000,0,3.1300,0.2000,-0.2200,0,370.10,5.80,-6.80,0,0,<a refstr=STOCK_ET_AL__2020 href=https://ui.adsabs.harvard.edu/abs/2020A&A...643A.112S/abstract target=ref>Stock et al. 2020</a>,M1.5 V,3601.00,51.00,-51.00,0,0.392000,0.004000,-0.004000,0,0.390000,0.011000,-0.011000,0,-0.0900,0.1600,-0.1600,0,[Fe/H],4.870000,0.070000,-0.070000,0,<a refstr=STASSUN_ET_AL__2019 href=https://ui.adsabs.harvard.edu/abs/2019AJ....158..138S/abstract target=ref>TICv8</a>,11h03m20.27s,165.8344710,+35d58m20.34s,35.9723170,5.67577300,0.00590990,-0.00590990,7.4900000,0.1000000,-0.1000000,3.5010000,0.3520000,-0.3520000,,,,2021-02-26,2020-11,2021-03-04
GJ 411 b,GJ 411,0,1,2,Radial Velocity,2019,Haute-Provence Observatory,Published Confirmed,0,<a refstr=D_IACUTE_AZ_ET_AL__2019 href=https://ui.adsabs.harvard.edu/abs/2019A&A...625A..17D/abstract target=ref>D&iacute;az et al. 2019</a>,12.95320000000,0.00790000000,-0.00790000000,0,0.0785000000,0.0027000000,-0.0027000000,0,,,,,,,,,2.99000000,0.46000000,-0.46000000,0,0.00940754,0.00144731,-0.00144731,0,Msini,0.220000,0.130000,-0.130000,0,,,,,349.83,0.32,-0.32,0,0,<a refstr=D_IACUTE_AZ_ET_AL__2019 href=https://ui.adsabs.harvard.edu/abs/2019A&A...625A..17D/abstract target=ref>D&iacute;az et al. 2019</a>,M1.9,3563.00,60.00,-60.00,0,0.389000,0.013000,-0.013000,0,0.386000,0.039000,-0.039000,0,-0.3800,0.0800,-0.0800,0,[Fe/H],,,,,<a refstr=STASSUN_ET_AL__2019 href=https://ui.adsabs.harvard.edu/abs/2019AJ....158..138S/abstract target=ref>TICv8</a>,11h03m20.27s,165.8344710,+35d58m20.34s,35.9723170,5.67577300,0.00590990,-0.00590990,7.4900000,0.1000000,-0.1000000,3.5010000,0.3520000,-0.3520000,,,,2021-02-26,2019-05,2019-03-05
GJ 411 b,GJ 411,1,1,2,Radial Velocity,2019,Haute-Provence Observatory,Published Confirmed,0,<a refstr=HURT_ET_AL__2022 href=https://ui.adsabs.harvard.edu/abs/2022AJ....163..218H/abstract target=ref>Hurt et al. 2022</a>,12.93940000000,0.00140000000,-0.00130000000,0,0.0787900000,0.0005600000,-0.0005500000,0,,,,,,,,,2.69000000,0.19000000,-0.18000000,0,0.00846369,0.00059781,-0.00056634,0,Msini,0.063000,0.061000,-0.043000,0,,,,,,,,,0,<a refstr=HURT_ET_AL__2022 href=https://ui.adsabs.harvard.edu/abs/2022AJ....163..218H/abstract target=ref>Hurt et al. 2022</a>,,3719.00,21.00,-31.00,0,0.368500,0.008100,-0.005400,0,0.389900,0.010600,-0.006100,0,-0.3621,0.0872,-0.0687,0,[Fe/H],4.895000,0.008000,-0.010000,0,<a refstr=STASSUN_ET_AL__2019 href=https://ui.adsabs.harvard.edu/abs/2019AJ....158..138S/abstract target=ref>TICv8</a>,11h03m20.27s,165.8344710,+35d58m20.34s,35.9723170,5.67577300,0.00590990,-0.00590990,7.4900000,0.1000000,-0.1000000,3.5010000,0.3520000,-0.3520000,,,,2022-05-24,2022-05,2022-05-24
GJ 4276 b,GJ 4276,1,1,1,Radial Velocity,2019,Calar Alto Observatory,Published Confirmed,0,<a refstr=NAGEL_ET_AL__2019 href=https://ui.adsabs.harvard.edu/abs/2019A&A...622A.153N/abstract target=ref>Nagel et al. 2019</a>,13.35200000000,0.00300000000,-0.00300000000,0,0.0820000000,0.0020000000,-0.0020000000,0,,,,,,,,,16.57000000,0.94000000,-0.95000000,0,0.05213479,0.00295756,-0.00298902,0,Msini,0.370000,0.030000,-0.030000,0,,,,,,,,,0,<a refstr=NAGEL_ET_AL__2019 href=https://ui.adsabs.harvard.edu/abs/2019A&A...622A.153N/abstract target=ref>Nagel et al. 2019</a>,M4.0,3387.00,51.00,-51.00,0,0.407000,0.015000,-0.015000,0,0.406000,0.030000,-0.030000,0,0.1200,0.1600,-0.1600,0,[Fe/H],4.970000,0.070000,-0.070000,0,<a refstr=STASSUN_ET_AL__2019 href=https://ui.adsabs.harvard.edu/abs/2019AJ....158..138S/abstract target=ref>TICv8</a>,22h25m17.31s,336.3221454,+59d24m45.01s,59.4125030,21.33620000,0.01720000,-0.01720000,12.9030000,0.0690000,-0.0690000,7.8870000,0.0210000,-0.0210000,11.6605000,0.0006000,-0.0006000,2019-01-22,2019-02,2019-01-24
GJ 685 b,GJ 685,1,1,1,Radial Velocity,2019,Roque de los Muchachos Observatory,Published Confirmed,0,<a refstr=PINAMONTI_ET_AL__2019 href=https://ui.adsabs.harvard.edu/abs/2019A&A...625A.126P/abstract target=ref>Pinamonti et al. 2019</a>,24.16000000000,0.06100000000,-0.04700000000,0,0.1344000000,0.0052000000,-0.0051000000,0,,,,,,,,,9.00000000,1.70000000,-1.80000000,0,0.02831702,0.00534877,-0.00566340,0,Msini,0.000000,,,0,,,,,,,,,0,<a refstr=PINAMONTI_ET_AL__2019 href=https://ui.adsabs.harvard.edu/abs/2019A&A...625A.126P/abstract target=ref>Pinamonti et al. 2019</a>,M0.5,3816.00,69.00,-69.00,0,0.540000,0.050000,-0.050000,0,0.550000,0.060000,-0.060000,0,-0.1500,0.0900,-0.0900,0,[Fe/H],4.720000,0.050000,-0.050000,0,<a refstr=STASSUN_ET_AL__2019 href=https://ui.adsabs.harvard.edu/abs/2019AJ....158..138S/abstract target=ref>TICv8</a>,17h35m35.05s,263.8960378,+61d40m45.65s,61.6793482,14.31550000,0.00810000,-0.00810000,9.9800000,0.1000000,-0.1000000,6.0660000,0.0180000,-0.0180000,9.1671000,0.0009140,-0.0009140,2019-04-08,2019-05,2019-04-11
Gl 378 b,Gl 378,1,1,1,Radial Velocity,2019,Haute-Provence Observatory,Published Confirmed,0,<a refstr=HOBSON_ET_AL__2019 href=https://ui.adsabs.harvard.edu/abs/2019A&A...625A..18H/abstract target=ref>Hobson et al. 2019</a>,3.82200000000,0.00100000000,-0.00100000000,0,0.0394350000,0.0002300000,-0.0002300000,0,,,,,,,,,13.02000000,2.03000000,-2.01000000,0,0.04096530,0.00638706,-0.00632414,0,Msini,0.109000,0.131000,-0.077000,0,,,,,830.00,,,0,0,<a refstr=HOBSON_ET_AL__2019 href=https://ui.adsabs.harvard.edu/abs/2019A&A...625A..18H/abstract target=ref>Hobson et al. 2019</a>,M1,3879.00,67.00,-67.00,0,0.560000,0.020000,-0.020000,0,0.560000,0.010000,-0.010000,0,0.0600,0.0900,-0.0900,0,[Fe/H],,,,,<a refstr=STASSUN_ET_AL__2019 href=https://ui.adsabs.harvard.edu/abs/2019AJ....158..138S/abstract target=ref>TICv8</a>,10h02m20.77s,150.5865513,+48d04m56.83s,48.0824515,14.95450000,0.00725000,-0.00725000,10.0300000,0.1000000,-0.1000000,6.1600000,0.0160000,-0.0160000,9.2651500,0.0004120,-0.0004120,2019-03-01,2019-05,2019-03-05
Gl 49 b,Gl 49,1,2,1,Radial Velocity,2019,Multiple Observatories,Published Confirmed,0,<a refstr=PERGER_ET_AL__2019 href=https://ui.adsabs.harvard.edu/abs/2019A&A...624A.123P/abstract target=ref>Perger et al. 2019</a>,13.85080000000,0.00530000000,-0.00510000000,0,0.0905000000,0.0011000000,-0.0011000000,0,,,,,,,,,5.63000000,0.67000000,-0.68000000,0,0.01771387,0.00210805,-0.00213951,0,Msini,0.363000,0.099000,-0.096000,0,,,,,,,,,0,<a refstr=PERGER_ET_AL__2019 href=https://ui.adsabs.harvard.edu/abs/2019A&A...624A.123P/abstract target=ref>Perger et al. 2019</a>,M1.5 V,3805.00,51.00,-51.00,0,0.511000,0.018000,-0.018000,0,0.515000,0.019000,-0.019000,0,0.1300,0.1600,-0.1600,0,[Fe/H],4.690000,0.070000,-0.070000,0,<a refstr=STASSUN_ET_AL__2019 href=https://ui.adsabs.harvard.edu/abs/2019AJ....158..138S/abstract target=ref>TICv8</a>,01h02m40.50s,15.6687321,+62d20m43.58s,62.3454386,9.85280000,0.00328000,-0.00328000,9.5600000,0.1000000,-0.1000000,5.3710000,0.0200000,-0.0200000,8.6628200,0.0006850,-0.0006850,2019-06-07,2019-04,2019-06-13
HAT-P-69 b,HAT-P-69,0,1,1,Transit,2019,HATNet,Published Confirmed,0,<a refstr=PATEL__AMP__ESPINOZA_2022 href=https://ui.adsabs.harvard.edu/abs/2022AJ....163..228P/abstract target=ref>Patel &amp; Espinoza 2022</a>,4.78694910000,0.00000190000,-0.00000180000,0,,,,,,,,,,,,,,,,,,,,,,,,,,,,,,,,,,0,<a refstr=ZHOU_ET_AL__2019 href=https://ui.adsabs.harvard.edu/abs/2019AJ....158..141Z/abstract target=ref>Zhou et al. 2019</a>,,7394.00,360.00,-600.00,0,1.926000,0.060000,-0.031000,0,1.648000,0.058000,-0.026000,0,-0.0690,0.0580,-0.0750,0,[Fe/H],4.110000,0.034000,-0.064000,0,<a refstr=STASSUN_ET_AL__2019 href=https://ui.adsabs.harvard.edu/abs/2019AJ....158..138S/abstract target=ref>TICv8</a>,08h42m01.35s,130.5056385,+03d42m38.04s,3.7105662,341.26300000,5.11600000,-4.96900000,9.7740000,0.0050000,-0.0050000,9.2800000,0.0230000,-0.0230000,9.7733200,0.0003360,-0.0003360,2022-05-03,2022-05,2022-05-03
HAT-P-69 b,HAT-P-69,1,1,1,Transit,2019,HATNet,Published Confirmed,0,<a refstr=ZHOU_ET_AL__2019 href=https://ui.adsabs.harvard.edu/abs/2019AJ....158..141Z/abstract target=ref>Zhou et al. 2019</a>,4.78694910000,0.00000180000,-0.00000210000,0,0.0655500000,0.0007000000,-0.0003500000,0,18.78628400,0.57165900,-0.36989700,0,1.67600000,0.05100000,-0.03300000,0,1137.83140000,184.34140000,-184.34140000,0,3.58000000,0.58000000,-0.58000000,0,Mass,0.000000,,,0,,,,,1930.00,80.00,-230.00,0,0,<a refstr=ZHOU_ET_AL__2019 href=https://ui.adsabs.harvard.edu/abs/2019AJ....158..141Z/abstract target=ref>Zhou et al. 2019</a>,,7394.00,360.00,-600.00,0,1.926000,0.060000,-0.031000,0,1.648000,0.058000,-0.026000,0,-0.0690,0.0580,-0.0750,0,[Fe/H],4.110000,0.034000,-0.064000,0,<a refstr=STASSUN_ET_AL__2019 href=https://ui.adsabs.harvard.edu/abs/2019AJ....158..138S/abstract target=ref>TICv8</a>,08h42m01.35s,130.5056385,+03d42m38.04s,3.7105662,341.26300000,5.11600000,-4.96900000,9.7740000,0.0050000,-0.0050000,9.2800000,0.0230000,-0.0230000,9.7733200,0.0003360,-0.0003360,2019-08-12,2019-10,2019-08-15
HAT-P-69 b,HAT-P-69,0,1,1,Transit,2019,HATNet,Published Confirmed,0,<a refstr=KOKORI_ET_AL__2023 href=https://ui.adsabs.harvard.edu/abs/2023ApJS..265....4K/abstract target=ref>Kokori et al. 2023</a>,4.78698830000,0.00000330000,-0.00000330000,0,,,,,,,,,,,,,,,,,,,,,,,,,,,,,,,,,,0,<a refstr=ZHOU_ET_AL__2019 href=https://ui.adsabs.harvard.edu/abs/2019AJ....158..141Z/abstract target=ref>Zhou et al. 2019</a>,,7394.00,360.00,-600.00,0,1.926000,0.060000,-0.031000,0,1.648000,0.058000,-0.026000,0,-0.0690,0.0580,-0.0750,0,[Fe/H],4.110000,0.034000,-0.064000,0,<a refstr=STASSUN_ET_AL__2019 href=https://ui.adsabs.harvard.edu/abs/2019AJ....158..138S/abstract target=ref>TICv8</a>,08h42m01.35s,130.5056385,+03d42m38.04s,3.7105662,341.26300000,5.11600000,-4.96900000,9.7740000,0.0050000,-0.0050000,9.2800000,0.0230000,-0.0230000,9.7733200,0.0003360,-0.0003360,2024-03-04,2023-03,2024-03-04
HAT-P-69 b,HAT-P-69,0,1,1,Transit,2019,HATNet,TESS Project Candidate,0,<a refstr=EXOFOP_TESS_TOI href=https://exofop.ipac.caltech.edu/tess/view_toi.php target=ref>ExoFOP-TESS TOI</a>,4.78695800000,0.00000560000,-0.00000560000,0,,,,,18.01120000,0.67559700,-0.67559700,0,1.60685440,0.06027283,-0.06027283,0,,,,,,,,,,,,,,2320.1800,,,0,1933.00,,,0,0,<a refstr=EXOFOP_TESS_TOI href=https://exofop.ipac.caltech.edu/tess/view_toi.php target=ref>ExoFOP-TESS TOI</a>,,7668.60,138.40,-138.40,0,1.910000,0.070000,-0.070000,0,,,,,,,,,,4.130000,0.080000,-0.080000,0,<a refstr=STASSUN_ET_AL__2019 href=https://ui.adsabs.harvard.edu/abs/2019AJ....158..138S/abstract target=ref>TICv8</a>,08h42m01.35s,130.5056385,+03d42m38.04s,3.7105662,341.26300000,5.11600000,-4.96900000,9.7740000,0.0050000,-0.0050000,9.2800000,0.0230000,-0.0230000,9.7733200,0.0003360,-0.0003360,2023-04-10,2017-07,2023-04-10
HAT-P-69 b,HAT-P-69,0,1,1,Transit,2019,HATNet,Published Confirmed,0,<a refstr=IVSHINA__AMP__WINN_2022 href=https://ui.adsabs.harvard.edu/abs/2022ApJS..259...62I/abstract target=ref>Ivshina &amp; Winn 2022</a>,4.78695680000,0.00000810000,-0.00000810000,0,,,,,,,,,,,,,,,,,,,,,,,,,,,,,,,,,,0,,,,,,,,,,,,,,,,,,,,,,,,<a refstr=STASSUN_ET_AL__2019 href=https://ui.adsabs.harvard.edu/abs/2019AJ....158..138S/abstract target=ref>TICv8</a>,08h42m01.35s,130.5056385,+03d42m38.04s,3.7105662,341.26300000,5.11600000,-4.96900000,9.7740000,0.0050000,-0.0050000,9.2800000,0.0230000,-0.0230000,9.7733200,0.0003360,-0.0003360,2022-10-18,2022-04,2022-10-18
HAT-P-70 b,HAT-P-70,0,1,1,Transit,2019,HATNet,TESS Project Candidate,0,<a refstr=EXOFOP_TESS_TOI href=https://exofop.ipac.caltech.edu/tess/view_toi.php target=ref>ExoFOP-TESS TOI</a>,2.74432160000,0.00000170000,-0.00000170000,0,,,,,20.18520000,0.68701800,-0.68701800,0,1.80080603,0.06129175,-0.06129175,0,,,,,,,,,,,,,,5405.6000,,,0,2388.00,,,0,0,<a refstr=EXOFOP_TESS_TOI href=https://exofop.ipac.caltech.edu/tess/view_toi.php target=ref>ExoFOP-TESS TOI</a>,,8730.00,152.70,-152.70,0,1.970000,0.070000,-0.070000,0,,,,,,,,,,4.190000,0.070000,-0.070000,0,<a refstr=STASSUN_ET_AL__2019 href=https://ui.adsabs.harvard.edu/abs/2019AJ....158..138S/abstract target=ref>TICv8</a>,04h58m12.56s,74.5523332,+09d59m52.73s,9.9979794,330.73900000,6.81800000,-6.55200000,9.4700000,0.0040000,-0.0040000,8.9630000,0.0240000,-0.0240000,9.4517400,0.0002660,-0.0002660,2024-01-05,2017-07,2024-01-05
HAT-P-70 b,HAT-P-70,0,1,1,Transit,2019,HATNet,Published Confirmed,0,<a refstr=PATEL__AMP__ESPINOZA_2022 href=https://ui.adsabs.harvard.edu/abs/2022AJ....163..228P/abstract target=ref>Patel &amp; Espinoza 2022</a>,2.74432450000,0.00000060000,-0.00000060000,0,,,,,,,,,,,,,,,,,,,,,,,,,,,,,,,,,,0,<a refstr=ZHOU_ET_AL__2019 href=https://ui.adsabs.harvard.edu/abs/2019AJ....158..141Z/abstract target=ref>Zhou et al. 2019</a>,,8450.00,540.00,-690.00,0,1.858000,0.119000,-0.091000,0,1.890000,0.010000,-0.013000,0,-0.0590,0.0750,-0.0880,0,[Fe/H],4.181000,0.055000,-0.063000,0,<a refstr=STASSUN_ET_AL__2019 href=https://ui.adsabs.harvard.edu/abs/2019AJ....158..138S/abstract target=ref>TICv8</a>,04h58m12.56s,74.5523332,+09d59m52.73s,9.9979794,330.73900000,6.81800000,-6.55200000,9.4700000,0.0040000,-0.0040000,8.9630000,0.0240000,-0.0240000,9.4517400,0.0002660,-0.0002660,2022-05-03,2022-05,2022-05-03
HAT-P-70 b,HAT-P-70,0,1,1,Transit,2019,HATNet,Published Confirmed,0,<a refstr=IVSHINA__AMP__WINN_2022 href=https://ui.adsabs.harvard.edu/abs/2022ApJS..259...62I/abstract target=ref>Ivshina &amp; Winn 2022</a>,2.74432000000,0.00000100000,-0.00000100000,0,,,,,,,,,,,,,,,,,,,,,,,,,,,,,,,,,,0,,,,,,,,,,,,,,,,,,,,,,,,<a refstr=STASSUN_ET_AL__2019 href=https://ui.adsabs.harvard.edu/abs/2019AJ....158..138S/abstract target=ref>TICv8</a>,04h58m12.56s,74.5523332,+09d59m52.73s,9.9979794,330.73900000,6.81800000,-6.55200000,9.4700000,0.0040000,-0.0040000,8.9630000,0.0240000,-0.0240000,9.4517400,0.0002660,-0.0002660,2022-10-18,2022-04,2022-10-18
HAT-P-70 b,HAT-P-70,1,1,1,Transit,2019,HATNet,Published Confirmed,0,<a refstr=ZHOU_ET_AL__2019 href=https://ui.adsabs.harvard.edu/abs/2019AJ....158..141Z/abstract target=ref>Zhou et al. 2019</a>,2.74432452000,0.00000079000,-0.00000068000,0,0.0473900000,0.0003100000,-0.0010600000,0,20.96083000,1.68135000,-1.12090000,0,1.87000000,0.15000000,-0.10000000,0,2154.88740000,,,0,6.78000000,,,0,Mass,0.000000,,,0,,,,,2562.00,43.00,-52.00,0,0,<a refstr=ZHOU_ET_AL__2019 href=https://ui.adsabs.harvard.edu/abs/2019AJ....158..141Z/abstract target=ref>Zhou et al. 2019</a>,,8450.00,540.00,-690.00,0,1.858000,0.119000,-0.091000,0,1.890000,0.010000,-0.013000,0,-0.0590,0.0750,-0.0880,0,[Fe/H],4.181000,0.055000,-0.063000,0,<a refstr=STASSUN_ET_AL__2019 href=https://ui.adsabs.harvard.edu/abs/2019AJ....158..138S/abstract target=ref>TICv8</a>,04h58m12.56s,74.5523332,+09d59m52.73s,9.9979794,330.73900000,6.81800000,-6.55200000,9.4700000,0.0040000,-0.0040000,8.9630000,0.0240000,-0.0240000,9.4517400,0.0002660,-0.0002660,2019-08-12,2019-10,2019-08-15
HAT-P-70 b,HAT-P-70,0,1,1,Transit,2019,HATNet,Published Confirmed,0,<a refstr=KOKORI_ET_AL__2023 href=https://ui.adsabs.harvard.edu/abs/2023ApJS..265....4K/abstract target=ref>Kokori et al. 2023</a>,2.74431939000,0.00000098000,-0.00000098000,0,,,,,,,,,,,,,,,,,,,,,,,,,,,,,,,,,,0,<a refstr=ZHOU_ET_AL__2019 href=https://ui.adsabs.harvard.edu/abs/2019AJ....158..141Z/abstract target=ref>Zhou et al. 2019</a>,,8450.00,540.00,-690.00,0,1.858000,0.119000,-0.091000,0,1.890000,0.010000,-0.013000,0,-0.0590,0.0750,-0.0880,0,[Fe/H],4.181000,0.055000,-0.063000,0,<a refstr=STASSUN_ET_AL__2019 href=https://ui.adsabs.harvard.edu/abs/2019AJ....158..138S/abstract target=ref>TICv8</a>,04h58m12.56s,74.5523332,+09d59m52.73s,9.9979794,330.73900000,6.81800000,-6.55200000,9.4700000,0.0040000,-0.0040000,8.9630000,0.0240000,-0.0240000,9.4517400,0.0002660,-0.0002660,2024-03-04,2023-03,2024-03-04
HATS-54 b,HATS-54,0,1,1,Transit,2019,HATSouth,TESS Project Candidate,0,<a refstr=EXOFOP_TESS_TOI href=https://exofop.ipac.caltech.edu/tess/view_toi.php target=ref>ExoFOP-TESS TOI</a>,2.54415370000,0.00001130000,-0.00001130000,0,,,,,10.55770000,,,0,0.94189653,,,0,,,,,,,,,,,,,,476.9650,,,0,1301.00,,,0,0,<a refstr=EXOFOP_TESS_TOI href=https://exofop.ipac.caltech.edu/tess/view_toi.php target=ref>ExoFOP-TESS TOI</a>,,5652.00,122.00,-122.00,0,1.310000,,,0,,,,,,,,,,4.200000,,,0,<a refstr=STASSUN_ET_AL__2019 href=https://ui.adsabs.harvard.edu/abs/2019AJ....158..138S/abstract target=ref>TICv8</a>,13h22m32.37s,200.6348641,-44d41m19.82s,-44.6888393,748.58500000,22.66500000,-21.39200000,13.9370000,0.0800000,-0.0800000,12.1700000,0.0190000,-0.0190000,13.7762000,0.0003780,-0.0003780,2023-02-08,2017-07,2023-02-08
HATS-54 b,HATS-54,1,1,1,Transit,2019,HATSouth,Published Confirmed,0,<a refstr=JACKSON_ET_AL__2022 href=https://ui.adsabs.harvard.edu/abs/2022arXiv221101044J/abstract target=ref>Jackson et al. 2022</a>,2.54417650000,0.00000240000,-0.00000240000,0,0.0370000000,0.0010000000,-0.0010000000,0,11.37711541,0.26901554,-0.26901554,0,1.01500000,0.02400000,-0.02400000,0,239.32479047,18.11621920,-18.11621920,0,0.75300000,0.05700000,-0.05700000,0,Mass,0.000000,,,0,,,,,1429.00,24.00,-24.00,0,0,<a refstr=JACKSON_ET_AL__2022 href=https://ui.adsabs.harvard.edu/abs/2022arXiv221101044J/abstract target=ref>Jackson et al. 2022</a>,G6 V,5621.00,70.00,-70.00,0,1.230000,0.020000,-0.020000,0,1.050000,0.050000,-0.050000,0,0.3700,0.0700,-0.0700,0,[Fe/H],4.200000,0.200000,-0.200000,0,<a refstr=STASSUN_ET_AL__2019 href=https://ui.adsabs.harvard.edu/abs/2019AJ....158..138S/abstract target=ref>TICv8</a>,13h22m32.37s,200.6348641,-44d41m19.82s,-44.6888393,748.58500000,22.66500000,-21.39200000,13.9370000,0.0800000,-0.0800000,12.1700000,0.0190000,-0.0190000,13.7762000,0.0003780,-0.0003780,2023-01-04,2022-11,2023-01-04
HATS-54 b,HATS-54,0,1,1,Transit,2019,HATSouth,Published Confirmed,0,<a refstr=ESPINOZA_ET_AL__2019 href=https://ui.adsabs.harvard.edu/abs/2019AJ....158...63E/abstract target=ref>Espinoza et al. 2019</a>,2.54418280000,0.00000430000,-0.00000430000,0,0.0376300000,0.0002400000,-0.0002400000,0,11.96000300,0.58286800,-0.58286800,0,1.06700000,0.05200000,-0.05200000,0,241.55080000,31.78300000,-31.78300000,0,0.76000000,0.10000000,-0.10000000,0,Mass,0.126000,,,1,,,,,1625.00,22.00,-22.00,0,0,<a refstr=ESPINOZA_ET_AL__2019 href=https://ui.adsabs.harvard.edu/abs/2019AJ....158...63E/abstract target=ref>Espinoza et al. 2019</a>,,5702.00,26.00,-26.00,0,1.317000,0.036000,-0.036000,0,1.097000,0.022000,-0.022000,0,0.3960,0.0310,-0.0310,0,[Fe/H],4.240000,0.023000,-0.023000,0,<a refstr=STASSUN_ET_AL__2019 href=https://ui.adsabs.harvard.edu/abs/2019AJ....158..138S/abstract target=ref>TICv8</a>,13h22m32.37s,200.6348641,-44d41m19.82s,-44.6888393,748.58500000,22.66500000,-21.39200000,13.9370000,0.0800000,-0.0800000,12.1700000,0.0190000,-0.0190000,13.7762000,0.0003780,-0.0003780,2019-08-09,2019-08,2019-08-15
HATS-55 b,HATS-55,0,1,1,Transit,2019,HATSouth,Published Confirmed,0,<a refstr=IVSHINA__AMP__WINN_2022 href=https://ui.adsabs.harvard.edu/abs/2022ApJS..259...62I/abstract target=ref>Ivshina &amp; Winn 2022</a>,4.20418440000,0.00000300000,-0.00000300000,0,,,,,,,,,,,,,,,,,,,,,,,,,,,,,,,,,,0,,,,,,,,,,,,,,,,,,,,,,,,<a refstr=STASSUN_ET_AL__2019 href=https://ui.adsabs.harvard.edu/abs/2019AJ....158..138S/abstract target=ref>TICv8</a>,07h37m08.01s,114.2833819,-32d45m19.51s,-32.7554188,609.83800000,6.09900000,-5.98200000,13.5250000,0.0800000,-0.0800000,12.0200000,0.0410000,-0.0410000,13.3498000,0.0002600,-0.0002600,2022-10-18,2022-04,2022-10-18
HATS-55 b,HATS-55,0,1,1,Transit,2019,HATSouth,Published Confirmed,0,<a refstr=PATEL__AMP__ESPINOZA_2022 href=https://ui.adsabs.harvard.edu/abs/2022AJ....163..228P/abstract target=ref>Patel &amp; Espinoza 2022</a>,4.20420010000,0.00000300000,-0.00000290000,0,,,,,,,,,,,,,,,,,,,,,,,,,,,,,,,,,,0,<a refstr=ESPINOZA_ET_AL__2019 href=https://ui.adsabs.harvard.edu/abs/2019AJ....158...63E/abstract target=ref>Espinoza et al. 2019</a>,,6214.00,36.00,-36.00,0,1.126000,0.011000,-0.011000,0,1.195500,0.009100,-0.011900,0,0.1080,0.0460,-0.0300,0,[Fe/H],4.412100,0.007000,-0.007000,0,<a refstr=STASSUN_ET_AL__2019 href=https://ui.adsabs.harvard.edu/abs/2019AJ....158..138S/abstract target=ref>TICv8</a>,07h37m08.01s,114.2833819,-32d45m19.51s,-32.7554188,609.83800000,6.09900000,-5.98200000,13.5250000,0.0800000,-0.0800000,12.0200000,0.0410000,-0.0410000,13.3498000,0.0002600,-0.0002600,2022-05-03,2022-05,2022-05-03
HATS-55 b,HATS-55,0,1,1,Transit,2019,HATSouth,TESS Project Candidate,0,<a refstr=EXOFOP_TESS_TOI href=https://exofop.ipac.caltech.edu/tess/view_toi.php target=ref>ExoFOP-TESS TOI</a>,4.20420780773,0.00001039025,-0.00001039025,0,,,,,12.10250000,0.80945900,-0.80945900,0,1.07971459,0.07221522,-0.07221522,0,,,,,,,,,,,,,,355.9090,,,0,1210.00,,,0,0,<a refstr=EXOFOP_TESS_TOI href=https://exofop.ipac.caltech.edu/tess/view_toi.php target=ref>ExoFOP-TESS TOI</a>,,6781.00,133.60,-133.60,0,1.070000,0.050000,-0.050000,0,,,,,,,,,,4.540000,0.090000,-0.090000,0,<a refstr=STASSUN_ET_AL__2019 href=https://ui.adsabs.harvard.edu/abs/2019AJ....158..138S/abstract target=ref>TICv8</a>,07h37m08.01s,114.2833819,-32d45m19.51s,-32.7554188,609.83800000,6.09900000,-5.98200000,13.5250000,0.0800000,-0.0800000,12.0200000,0.0410000,-0.0410000,13.3498000,0.0002600,-0.0002600,2025-06-11,2017-07,2025-06-11
HATS-55 b,HATS-55,1,1,1,Transit,2019,HATSouth,Published Confirmed,0,<a refstr=ESPINOZA_ET_AL__2019 href=https://ui.adsabs.harvard.edu/abs/2019AJ....158...63E/abstract target=ref>Espinoza et al. 2019</a>,4.20420010000,0.00000330000,-0.00000330000,0,0.0541200000,0.0001400000,-0.0001800000,0,14.02245900,0.29143400,-0.29143400,0,1.25100000,0.02600000,-0.02600000,0,292.72143000,24.15508000,-24.15508000,0,0.92100000,0.07600000,-0.07600000,0,Mass,0.092000,,,1,,,,,1367.00,10.00,-10.00,0,0,<a refstr=ESPINOZA_ET_AL__2019 href=https://ui.adsabs.harvard.edu/abs/2019AJ....158...63E/abstract target=ref>Espinoza et al. 2019</a>,,6214.00,36.00,-36.00,0,1.126000,0.011000,-0.011000,0,1.195500,0.009100,-0.011900,0,0.1080,0.0460,-0.0300,0,[Fe/H],4.412100,0.007000,-0.007000,0,<a refstr=STASSUN_ET_AL__2019 href=https://ui.adsabs.harvard.edu/abs/2019AJ....158..138S/abstract target=ref>TICv8</a>,07h37m08.01s,114.2833819,-32d45m19.51s,-32.7554188,609.83800000,6.09900000,-5.98200000,13.5250000,0.0800000,-0.0800000,12.0200000,0.0410000,-0.0410000,13.3498000,0.0002600,-0.0002600,2019-08-09,2019-08,2019-08-15
HATS-56 b,HATS-56,0,1,1,Transit,2019,HATSouth,TESS Project Candidate,0,<a refstr=EXOFOP_TESS_TOI href=https://exofop.ipac.caltech.edu/tess/view_toi.php target=ref>ExoFOP-TESS TOI</a>,4.32477080000,0.00000720000,-0.00000720000,0,,,,,17.02570000,0.85352300,-0.85352300,0,1.51893383,0.07614635,-0.07614635,0,,,,,,,,,,,,,,1080.8700,,,0,1597.00,,,0,0,<a refstr=EXOFOP_TESS_TOI href=https://exofop.ipac.caltech.edu/tess/view_toi.php target=ref>ExoFOP-TESS TOI</a>,,6457.00,134.10,-134.10,0,2.130000,0.100000,-0.100000,0,,,,,,,,,,3.900000,0.090000,-0.090000,0,<a refstr=STASSUN_ET_AL__2019 href=https://ui.adsabs.harvard.edu/abs/2019AJ....158..138S/abstract target=ref>TICv8</a>,12h00m39.62s,180.1650720,-45d47m58.04s,-45.7994559,564.40900000,11.51300000,-11.07000000,11.4770000,0.0110000,-0.0110000,10.2510000,0.0190000,-0.0190000,11.4877000,0.0007700,-0.0007700,2023-02-08,2017-07,2023-02-08
HATS-56 b,HATS-56,1,1,1,Transit,2019,HATSouth,Published Confirmed,0,<a refstr=ESPINOZA_ET_AL__2019 href=https://ui.adsabs.harvard.edu/abs/2019AJ....158...63E/abstract target=ref>Espinoza et al. 2019</a>,4.32479900000,0.00002700000,-0.00002700000,0,0.0604300000,0.0002200000,-0.0002200000,0,18.92079200,0.43715100,-0.61649500,0,1.68800000,0.03900000,-0.05500000,0,191.33366000,11.12405000,-11.12405000,0,0.60200000,0.03500000,-0.03500000,0,Mass,0.019000,,,1,,,,,1902.00,16.00,-16.00,0,0,<a refstr=ESPINOZA_ET_AL__2019 href=https://ui.adsabs.harvard.edu/abs/2019AJ....158...63E/abstract target=ref>Espinoza et al. 2019</a>,,6536.00,31.00,-31.00,0,2.201000,0.036000,-0.036000,0,1.573000,0.017000,-0.017000,0,0.1900,0.0240,-0.0240,0,[Fe/H],3.949000,0.012000,-0.012000,0,<a refstr=STASSUN_ET_AL__2019 href=https://ui.adsabs.harvard.edu/abs/2019AJ....158..138S/abstract target=ref>TICv8</a>,12h00m39.62s,180.1650720,-45d47m58.04s,-45.7994559,564.40900000,11.51300000,-11.07000000,11.4770000,0.0110000,-0.0110000,10.2510000,0.0190000,-0.0190000,11.4877000,0.0007700,-0.0007700,2019-08-09,2019-08,2019-08-15
HATS-56 b,HATS-56,0,1,1,Transit,2019,HATSouth,Published Confirmed,0,<a refstr=IVSHINA__AMP__WINN_2022 href=https://ui.adsabs.harvard.edu/abs/2022ApJS..259...62I/abstract target=ref>Ivshina &amp; Winn 2022</a>,4.32476610000,0.00000400000,-0.00000400000,0,,,,,,,,,,,,,,,,,,,,,,,,,,,,,,,,,,0,,,,,,,,,,,,,,,,,,,,,,,,<a refstr=STASSUN_ET_AL__2019 href=https://ui.adsabs.harvard.edu/abs/2019AJ....158..138S/abstract target=ref>TICv8</a>,12h00m39.62s,180.1650720,-45d47m58.04s,-45.7994559,564.40900000,11.51300000,-11.07000000,11.4770000,0.0110000,-0.0110000,10.2510000,0.0190000,-0.0190000,11.4877000,0.0007700,-0.0007700,2022-10-18,2022-04,2022-10-18
HATS-56 b,HATS-56,0,1,1,Transit,2019,HATSouth,Published Confirmed,0,<a refstr=KOKORI_ET_AL__2023 href=https://ui.adsabs.harvard.edu/abs/2023ApJS..265....4K/abstract target=ref>Kokori et al. 2023</a>,4.32476620000,0.00000190000,-0.00000190000,0,,,,,,,,,,,,,,,,,,,,,,,,,,,,,,,,,,0,<a refstr=ESPINOZA_ET_AL__2019 href=https://ui.adsabs.harvard.edu/abs/2019AJ....158...63E/abstract target=ref>Espinoza et al. 2019</a>,,6536.00,31.00,-31.00,0,2.201000,0.036000,-0.036000,0,1.573000,0.017000,-0.017000,0,0.1900,0.0240,-0.0240,0,[Fe/H],3.949000,0.012000,-0.012000,0,<a refstr=STASSUN_ET_AL__2019 href=https://ui.adsabs.harvard.edu/abs/2019AJ....158..138S/abstract target=ref>TICv8</a>,12h00m39.62s,180.1650720,-45d47m58.04s,-45.7994559,564.40900000,11.51300000,-11.07000000,11.4770000,0.0110000,-0.0110000,10.2510000,0.0190000,-0.0190000,11.4877000,0.0007700,-0.0007700,2024-03-04,2023-03,2024-03-04
HATS-57 b,HATS-57,1,1,1,Transit,2019,HATSouth,Published Confirmed,0,<a refstr=ESPINOZA_ET_AL__2019 href=https://ui.adsabs.harvard.edu/abs/2019AJ....158...63E/abstract target=ref>Espinoza et al. 2019</a>,2.35062100000,0.00000130000,-0.00000130000,0,0.0349300000,0.0002100000,-0.0003000000,0,12.76705100,0.31385200,-0.31385200,0,1.13900000,0.02800000,-0.02800000,0,1000.21101000,23.20159000,-23.20159000,0,3.14700000,0.07300000,-0.07300000,0,Mass,0.028000,,,1,,,,,1413.40,9.70,-9.70,0,0,<a refstr=ESPINOZA_ET_AL__2019 href=https://ui.adsabs.harvard.edu/abs/2019AJ....158...63E/abstract target=ref>Espinoza et al. 2019</a>,,5587.00,19.00,-19.00,0,0.960000,0.011000,-0.011000,0,1.026000,0.019000,-0.026000,0,0.2680,0.0430,-0.0430,0,[Fe/H],4.484000,0.016000,-0.016000,0,<a refstr=STASSUN_ET_AL__2019 href=https://ui.adsabs.harvard.edu/abs/2019AJ....158..138S/abstract target=ref>TICv8</a>,04h03m47.59s,60.9482779,-19d03m24.55s,-19.0568182,279.48500000,3.11800000,-3.05000000,12.3330000,0.0690000,-0.0690000,10.7070000,0.0270000,-0.0270000,12.1816000,0.0007430,-0.0007430,2019-08-09,2019-08,2019-08-15
HATS-57 b,HATS-57,0,1,1,Transit,2019,HATSouth,Published Confirmed,0,<a refstr=PATEL__AMP__ESPINOZA_2022 href=https://ui.adsabs.harvard.edu/abs/2022AJ....163..228P/abstract target=ref>Patel &amp; Espinoza 2022</a>,2.35062090000,0.00000120000,-0.00000120000,0,,,,,,,,,,,,,,,,,,,,,,,,,,,,,,,,,,0,<a refstr=ESPINOZA_ET_AL__2019 href=https://ui.adsabs.harvard.edu/abs/2019AJ....158...63E/abstract target=ref>Espinoza et al. 2019</a>,,5587.00,19.00,-19.00,0,0.960000,0.011000,-0.011000,0,1.026000,0.019000,-0.026000,0,0.2680,0.0430,-0.0430,0,[Fe/H],4.484000,0.016000,-0.016000,0,<a refstr=STASSUN_ET_AL__2019 href=https://ui.adsabs.harvard.edu/abs/2019AJ....158..138S/abstract target=ref>TICv8</a>,04h03m47.59s,60.9482779,-19d03m24.55s,-19.0568182,279.48500000,3.11800000,-3.05000000,12.3330000,0.0690000,-0.0690000,10.7070000,0.0270000,-0.0270000,12.1816000,0.0007430,-0.0007430,2022-05-03,2022-05,2022-05-03
HATS-57 b,HATS-57,0,1,1,Transit,2019,HATSouth,Published Confirmed,0,<a refstr=IVSHINA__AMP__WINN_2022 href=https://ui.adsabs.harvard.edu/abs/2022ApJS..259...62I/abstract target=ref>Ivshina &amp; Winn 2022</a>,2.35061769000,0.00000077000,-0.00000077000,0,,,,,,,,,,,,,,,,,,,,,,,,,,,,,,,,,,0,,,,,,,,,,,,,,,,,,,,,,,,<a refstr=STASSUN_ET_AL__2019 href=https://ui.adsabs.harvard.edu/abs/2019AJ....158..138S/abstract target=ref>TICv8</a>,04h03m47.59s,60.9482779,-19d03m24.55s,-19.0568182,279.48500000,3.11800000,-3.05000000,12.3330000,0.0690000,-0.0690000,10.7070000,0.0270000,-0.0270000,12.1816000,0.0007430,-0.0007430,2022-10-18,2022-04,2022-10-18
HATS-57 b,HATS-57,0,1,1,Transit,2019,HATSouth,TESS Project Candidate,0,<a refstr=EXOFOP_TESS_TOI href=https://exofop.ipac.caltech.edu/tess/view_toi.php target=ref>ExoFOP-TESS TOI</a>,2.35061860000,0.00000100000,-0.00000100000,0,,,,,12.80100000,0.66219900,-0.66219900,0,1.14203069,0.05907754,-0.05907754,0,,,,,,,,,,,,,,570.2330,,,0,1361.00,,,0,0,<a refstr=EXOFOP_TESS_TOI href=https://exofop.ipac.caltech.edu/tess/view_toi.php target=ref>ExoFOP-TESS TOI</a>,,5593.00,124.50,-124.50,0,0.970000,0.050000,-0.050000,0,,,,,,,,,,4.460000,0.080000,-0.080000,0,<a refstr=STASSUN_ET_AL__2019 href=https://ui.adsabs.harvard.edu/abs/2019AJ....158..138S/abstract target=ref>TICv8</a>,04h03m47.59s,60.9482779,-19d03m24.55s,-19.0568182,279.48500000,3.11800000,-3.05000000,12.3330000,0.0690000,-0.0690000,10.7070000,0.0270000,-0.0270000,12.1816000,0.0007430,-0.0007430,2022-08-08,2017-07,2022-08-08
HATS-57 b,HATS-57,0,1,1,Transit,2019,HATSouth,Published Confirmed,0,<a refstr=KOKORI_ET_AL__2023 href=https://ui.adsabs.harvard.edu/abs/2023ApJS..265....4K/abstract target=ref>Kokori et al. 2023</a>,2.35061721000,0.00000062000,-0.00000062000,0,,,,,,,,,,,,,,,,,,,,,,,,,,,,,,,,,,0,<a refstr=ESPINOZA_ET_AL__2019 href=https://ui.adsabs.harvard.edu/abs/2019AJ....158...63E/abstract target=ref>Espinoza et al. 2019</a>,,5587.00,19.00,-19.00,0,0.960000,0.011000,-0.011000,0,1.026000,0.019000,-0.026000,0,0.2680,0.0430,-0.0430,0,[Fe/H],4.484000,0.016000,-0.016000,0,<a refstr=STASSUN_ET_AL__2019 href=https://ui.adsabs.harvard.edu/abs/2019AJ....158..138S/abstract target=ref>TICv8</a>,04h03m47.59s,60.9482779,-19d03m24.55s,-19.0568182,279.48500000,3.11800000,-3.05000000,12.3330000,0.0690000,-0.0690000,10.7070000,0.0270000,-0.0270000,12.1816000,0.0007430,-0.0007430,2024-03-04,2023-03,2024-03-04
HATS-58 A b,HATS-58 A,1,2,1,Transit,2019,HATSouth,Published Confirmed,0,<a refstr=ESPINOZA_ET_AL__2019 href=https://ui.adsabs.harvard.edu/abs/2019AJ....158...63E/abstract target=ref>Espinoza et al. 2019</a>,4.21808960000,0.00000890000,-0.00000890000,0,0.0579800000,0.0005700000,-0.0005700000,0,12.27385500,0.69495800,-0.69495800,0,1.09500000,0.06200000,-0.06200000,0,327.36490000,73.10090000,-73.10090000,0,1.03000000,0.23000000,-0.23000000,0,Mass,0.168000,,,1,,,,,1721.00,34.00,-34.00,0,0,<a refstr=ESPINOZA_ET_AL__2019 href=https://ui.adsabs.harvard.edu/abs/2019AJ....158...63E/abstract target=ref>Espinoza et al. 2019</a>,,7175.00,54.00,-54.00,0,1.433000,0.059000,-0.059000,0,1.461000,0.043000,-0.043000,0,,,,,,4.292000,0.028000,-0.028000,0,<a refstr=STASSUN_ET_AL__2019 href=https://ui.adsabs.harvard.edu/abs/2019AJ....158..138S/abstract target=ref>TICv8</a>,12h27m08.95s,186.7873036,-48d58m42.28s,-48.9784105,403.59100000,,,11.5720000,0.0460000,-0.0460000,10.2890000,0.0230000,-0.0230000,11.7679000,0.0014610,-0.0014610,2019-08-09,2019-08,2019-08-15
HATS-58 A b,HATS-58 A,0,2,1,Transit,2019,HATSouth,Published Confirmed,0,<a refstr=IVSHINA__AMP__WINN_2022 href=https://ui.adsabs.harvard.edu/abs/2022ApJS..259...62I/abstract target=ref>Ivshina &amp; Winn 2022</a>,4.21807320000,0.00000420000,-0.00000420000,0,,,,,,,,,,,,,,,,,,,,,,,,,,,,,,,,,,0,,,,,,,,,,,,,,,,,,,,,,,,<a refstr=STASSUN_ET_AL__2019 href=https://ui.adsabs.harvard.edu/abs/2019AJ....158..138S/abstract target=ref>TICv8</a>,12h27m08.95s,186.7873036,-48d58m42.28s,-48.9784105,403.59100000,,,11.5720000,0.0460000,-0.0460000,10.2890000,0.0230000,-0.0230000,11.7679000,0.0014610,-0.0014610,2022-10-18,2022-04,2022-10-18
HATS-58 A b,HATS-58 A,0,2,1,Transit,2019,HATSouth,Published Confirmed,0,<a refstr=KOKORI_ET_AL__2023 href=https://ui.adsabs.harvard.edu/abs/2023ApJS..265....4K/abstract target=ref>Kokori et al. 2023</a>,4.21807330000,0.00000310000,-0.00000310000,0,,,,,,,,,,,,,,,,,,,,,,,,,,,,,,,,,,0,<a refstr=ESPINOZA_ET_AL__2019 href=https://ui.adsabs.harvard.edu/abs/2019AJ....158...63E/abstract target=ref>Espinoza et al. 2019</a>,,7175.00,54.00,-54.00,0,1.433000,0.059000,-0.059000,0,1.461000,0.043000,-0.043000,0,,,,,,4.292000,0.028000,-0.028000,0,<a refstr=STASSUN_ET_AL__2019 href=https://ui.adsabs.harvard.edu/abs/2019AJ....158..138S/abstract target=ref>TICv8</a>,12h27m08.95s,186.7873036,-48d58m42.28s,-48.9784105,403.59100000,,,11.5720000,0.0460000,-0.0460000,10.2890000,0.0230000,-0.0230000,11.7679000,0.0014610,-0.0014610,2024-03-04,2023-03,2024-03-04
HATS-58 A b,HATS-58 A,0,2,1,Transit,2019,HATSouth,TESS Project Candidate,0,<a refstr=EXOFOP_TESS_TOI href=https://exofop.ipac.caltech.edu/tess/view_toi.php target=ref>ExoFOP-TESS TOI</a>,4.21807597560,0.00000640508,-0.00000640508,0,,,,,10.00804679,0.12596144,-0.12596144,0,0.89285967,0.01123755,-0.01123755,0,,,,,,,,,,,,,,382.7103,,,0,1128.07,,,0,0,<a refstr=EXOFOP_TESS_TOI href=https://exofop.ipac.caltech.edu/tess/view_toi.php target=ref>ExoFOP-TESS TOI</a>,,5780.00,,,0,1.000000,,,0,,,,,,,,,,4.438000,,,0,<a refstr=STASSUN_ET_AL__2019 href=https://ui.adsabs.harvard.edu/abs/2019AJ....158..138S/abstract target=ref>TICv8</a>,12h27m08.95s,186.7873036,-48d58m42.28s,-48.9784105,403.59100000,,,11.5720000,0.0460000,-0.0460000,10.2890000,0.0230000,-0.0230000,11.7679000,0.0014610,-0.0014610,2025-09-17,2017-07,2022-08-09
HATS-70 b,HATS-70,0,1,1,Transit,2019,HATSouth,Published Confirmed,0,<a refstr=IVSHINA__AMP__WINN_2022 href=https://ui.adsabs.harvard.edu/abs/2022ApJS..259...62I/abstract target=ref>Ivshina &amp; Winn 2022</a>,1.88823930000,0.00000310000,-0.00000310000,0,,,,,,,,,,,,,,,,,,,,,,,,,,,,,,,,,,0,,,,,,,,,,,,,,,,,,,,,,,,<a refstr=STASSUN_ET_AL__2019 href=https://ui.adsabs.harvard.edu/abs/2019AJ....158..138S/abstract target=ref>TICv8</a>,07h16m25.09s,109.1045212,-31d14m39.82s,-31.2443947,1458.83000000,68.60000000,-62.81000000,12.2270000,0.0350000,-0.0350000,12.0400000,0.0260000,-0.0260000,12.5860000,0.0002060,-0.0002060,2022-10-18,2022-04,2022-10-18
HATS-70 b,HATS-70,1,1,1,Transit,2019,HATSouth,Published Confirmed,0,<a refstr=ZHOU_ET_AL__2019 href=https://ui.adsabs.harvard.edu/abs/2019AJ....157...31Z/abstract target=ref>Zhou et al. 2019</a>,1.88823780000,0.00000150000,-0.00000150000,0,0.0363200000,0.0007400000,-0.0008700000,0,15.51325600,0.88551100,-0.82946600,0,1.38400000,0.07900000,-0.07400000,0,4100.00700000,572.09400000,-508.52800000,0,12.90000000,1.80000000,-1.60000000,0,Mass,0.180000,,,1,9110.0000,170.0000,-170.0000,0,2730.00,140.00,-160.00,0,0,<a refstr=ZHOU_ET_AL__2019 href=https://ui.adsabs.harvard.edu/abs/2019AJ....157...31Z/abstract target=ref>Zhou et al. 2019</a>,,7930.00,630.00,-820.00,0,1.881000,0.059000,-0.066000,0,1.780000,0.120000,-0.120000,0,0.0410,0.0950,-0.1070,0,[Fe/H],4.167000,0.044000,-0.036000,0,<a refstr=STASSUN_ET_AL__2019 href=https://ui.adsabs.harvard.edu/abs/2019AJ....158..138S/abstract target=ref>TICv8</a>,07h16m25.09s,109.1045212,-31d14m39.82s,-31.2443947,1458.83000000,68.60000000,-62.81000000,12.2270000,0.0350000,-0.0350000,12.0400000,0.0260000,-0.0260000,12.5860000,0.0002060,-0.0002060,2019-12-02,2019-01,2019-02-14
HATS-70 b,HATS-70,0,1,1,Transit,2019,HATSouth,Published Confirmed,0,<a refstr=PATEL__AMP__ESPINOZA_2022 href=https://ui.adsabs.harvard.edu/abs/2022AJ....163..228P/abstract target=ref>Patel &amp; Espinoza 2022</a>,1.88823780000,0.00000140000,-0.00000140000,0,,,,,,,,,,,,,,,,,,,,,,,,,,,,,,,,,,0,<a refstr=ZHOU_ET_AL__2019 href=https://ui.adsabs.harvard.edu/abs/2019AJ....157...31Z/abstract target=ref>Zhou et al. 2019</a>,,7930.00,630.00,-820.00,0,1.881000,0.059000,-0.066000,0,1.780000,0.120000,-0.120000,0,0.0410,0.0950,-0.1070,0,[Fe/H],4.167000,0.044000,-0.036000,0,<a refstr=STASSUN_ET_AL__2019 href=https://ui.adsabs.harvard.edu/abs/2019AJ....158..138S/abstract target=ref>TICv8</a>,07h16m25.09s,109.1045212,-31d14m39.82s,-31.2443947,1458.83000000,68.60000000,-62.81000000,12.2270000,0.0350000,-0.0350000,12.0400000,0.0260000,-0.0260000,12.5860000,0.0002060,-0.0002060,2022-05-03,2022-05,2022-05-03
HATS-70 b,HATS-70,0,1,1,Transit,2019,HATSouth,Published Confirmed,0,<a refstr=KOKORI_ET_AL__2023 href=https://ui.adsabs.harvard.edu/abs/2023ApJS..265....4K/abstract target=ref>Kokori et al. 2023</a>,1.88823968000,0.00000076000,-0.00000076000,0,,,,,,,,,,,,,,,,,,,,,,,,,,,,,,,,,,0,<a refstr=ZHOU_ET_AL__2019 href=https://ui.adsabs.harvard.edu/abs/2019AJ....157...31Z/abstract target=ref>Zhou et al. 2019</a>,,7930.00,630.00,-820.00,0,1.881000,0.059000,-0.066000,0,1.780000,0.120000,-0.120000,0,0.0410,0.0950,-0.1070,0,[Fe/H],4.167000,0.044000,-0.036000,0,<a refstr=STASSUN_ET_AL__2019 href=https://ui.adsabs.harvard.edu/abs/2019AJ....158..138S/abstract target=ref>TICv8</a>,07h16m25.09s,109.1045212,-31d14m39.82s,-31.2443947,1458.83000000,68.60000000,-62.81000000,12.2270000,0.0350000,-0.0350000,12.0400000,0.0260000,-0.0260000,12.5860000,0.0002060,-0.0002060,2024-03-04,2023-03,2024-03-04
HATS-70 b,HATS-70,0,1,1,Transit,2019,HATSouth,TESS Project Candidate,0,<a refstr=EXOFOP_TESS_TOI href=https://exofop.ipac.caltech.edu/tess/view_toi.php target=ref>ExoFOP-TESS TOI</a>,1.88823101642,0.00000547348,-0.00000547348,0,,,,,14.47764261,0.95343590,-0.95343590,0,1.29161099,0.08506000,-0.08506000,0,,,,,,,,,,,,,,14536.6627,,,0,2800.50,,,0,0,<a refstr=EXOFOP_TESS_TOI href=https://exofop.ipac.caltech.edu/tess/view_toi.php target=ref>ExoFOP-TESS TOI</a>,,8549.00,152.10,-152.10,0,2.121280,0.118809,-0.118809,0,,,,,,,,,,4.110000,0.080000,-0.080000,0,<a refstr=STASSUN_ET_AL__2019 href=https://ui.adsabs.harvard.edu/abs/2019AJ....158..138S/abstract target=ref>TICv8</a>,07h16m25.09s,109.1045212,-31d14m39.82s,-31.2443947,1458.83000000,68.60000000,-62.81000000,12.2270000,0.0350000,-0.0350000,12.0400000,0.0260000,-0.0260000,12.5860000,0.0002060,-0.0002060,2024-02-05,2017-07,2024-02-05
HD 102843 b,HD 102843,1,1,1,Radial Velocity,2019,Las Campanas Observatory,Published Confirmed,0,<a refstr=FENG_ET_AL__2019 href=https://ui.adsabs.harvard.edu/abs/2019ApJS..242...25F/abstract target=ref>Feng et al. 2019</a>,3090.94200000000,295.04900000000,-295.04900000000,0,4.0740000000,0.2700000000,-0.2700000000,0,,,,,,,,,113.90000000,14.50000000,-14.50000000,0,0.35836768,0.04562187,-0.04562187,0,Msini,0.110000,0.070000,-0.070000,0,,,,,,,,,0,<a refstr=FENG_ET_AL__2019 href=https://ui.adsabs.harvard.edu/abs/2019ApJS..242...25F/abstract target=ref>Feng et al. 2019</a>,K0 V,5436.00,144.00,-69.00,0,,,,,0.950000,0.050000,-0.050000,0,,,,,,,,,,<a refstr=STASSUN_ET_AL__2019 href=https://ui.adsabs.harvard.edu/abs/2019AJ....158..138S/abstract target=ref>TICv8</a>,11h50m20.51s,177.5854673,-01d15m08.28s,-1.2522989,62.75800000,0.21240000,-0.21110000,9.2600000,0.0300000,-0.0300000,7.4950000,0.0230000,-0.0230000,9.0488300,0.0001750,-0.0001750,2019-05-20,2019-06,2019-05-23
HD 103949 b,HD 103949,1,1,1,Radial Velocity,2019,Las Campanas Observatory,Published Confirmed,0,<a refstr=FENG_ET_AL__2019 href=https://ui.adsabs.harvard.edu/abs/2019ApJS..242...25F/abstract target=ref>Feng et al. 2019</a>,120.87800000000,0.44600000000,-0.44600000000,0,0.4390000000,0.0090000000,-0.0090000000,0,,,,,,,,,11.20000000,2.30000000,-2.30000000,0,0.03523896,0.00723657,-0.00723657,0,Msini,0.190000,0.120000,-0.120000,0,,,,,,,,,0,<a refstr=FENG_ET_AL__2019 href=https://ui.adsabs.harvard.edu/abs/2019ApJS..242...25F/abstract target=ref>Feng et al. 2019</a>,K3 V,4792.00,66.00,-54.00,0,,,,,0.770000,0.040000,-0.040000,0,,,,,,,,,,<a refstr=STASSUN_ET_AL__2019 href=https://ui.adsabs.harvard.edu/abs/2019AJ....158..138S/abstract target=ref>TICv8</a>,11h58m11.51s,179.5479558,-23d55m26.84s,-23.9241221,26.49970000,0.05380000,-0.05370000,8.7000000,0.0300000,-0.0300000,6.3140000,0.0210000,-0.0210000,8.3847900,0.0004070,-0.0004070,2019-05-20,2019-06,2019-05-23
HD 125390 b,HD 125390,0,1,1,Radial Velocity,2019,W. M. Keck Observatory,Published Confirmed,0,<a refstr=XIAO_ET_AL__2023 href=https://ui.adsabs.harvard.edu/abs/2023RAA....23e5022X/abstract target=ref>Xiao et al. 2023</a>,1758.00000000000,4.70000000000,-4.70000000000,0,3.1840000000,0.0760000000,-0.0800000000,0,,,,,,,,,10806.16583800,1080.61658380,-1048.83374310,0,34.00000000,3.40000000,-3.30000000,0,Mass,0.598000,0.022000,-0.017000,0,,,,,,,,,0,<a refstr=XIAO_ET_AL__2023 href=https://ui.adsabs.harvard.edu/abs/2023RAA....23e5022X/abstract target=ref>Xiao et al. 2023</a>,G7 III,4882.00,29.00,-29.00,0,,,,,1.600000,0.070000,-0.070000,0,-0.1100,0.0200,-0.0200,0,[Fe/H],3.040000,0.040000,-0.040000,0,<a refstr=STASSUN_ET_AL__2019 href=https://ui.adsabs.harvard.edu/abs/2019AJ....158..138S/abstract target=ref>TICv8</a>,14h18m09.30s,214.5387463,+38d58m00.89s,38.9669132,153.64700000,0.85400000,-0.85400000,8.2100000,0.0300000,-0.0300000,5.8750000,0.0180000,-0.0180000,7.9406100,0.0002050,-0.0002050,2023-06-12,2023-05,2023-06-12
HD 125390 b,HD 125390,1,1,1,Radial Velocity,2019,W. M. Keck Observatory,Published Confirmed,0,<a refstr=FENG_ET_AL__2022 href=https://ui.adsabs.harvard.edu/abs/2022ApJS..262...21F/abstract target=ref>Feng et al. 2022</a>,1757.39151000000,4.66922000000,-5.44185000000,0,3.4960000000,0.0660000000,-0.0690000000,0,,,,,,,,,8646.20398403,1311.99566410,-99.48029139,0,27.20400000,4.12800000,-0.31300000,0,Mass,0.597000,0.020000,-0.017000,0,,,,,,,,,0,<a refstr=FENG_ET_AL__2022 href=https://ui.adsabs.harvard.edu/abs/2022ApJS..262...21F/abstract target=ref>Feng et al. 2022</a>,,,,,,,,,,1.820000,0.105000,-0.105000,0,,,,,,,,,,<a refstr=STASSUN_ET_AL__2019 href=https://ui.adsabs.harvard.edu/abs/2019AJ....158..138S/abstract target=ref>TICv8</a>,14h18m09.30s,214.5387463,+38d58m00.89s,38.9669132,153.64700000,0.85400000,-0.85400000,8.2100000,0.0300000,-0.0300000,5.8750000,0.0180000,-0.0180000,7.9406100,0.0002050,-0.0002050,2023-06-12,2022-09,2023-06-12
HD 125390 b,HD 125390,0,1,1,Radial Velocity,2019,W. M. Keck Observatory,Published Confirmed,0,<a refstr=LUHN_ET_AL__2019 href=https://ui.adsabs.harvard.edu/abs/2019AJ....157..149L/abstract target=ref>Luhn et al. 2019</a>,1756.20000000000,3.90000000000,-3.90000000000,0,3.1600000000,0.3600000000,-0.3600000000,0,,,,,,,,,7043.11280000,305.11680000,-305.11680000,0,22.16000000,0.96000000,-0.96000000,0,Msini,0.591000,0.014000,-0.014000,0,,,,,,,,,0,<a refstr=LUHN_ET_AL__2019 href=https://ui.adsabs.harvard.edu/abs/2019AJ....157..149L/abstract target=ref>Luhn et al. 2019</a>,G7 V,4850.00,,,0,6.470000,,,0,1.360000,,,0,,,,,,3.130000,,,0,<a refstr=STASSUN_ET_AL__2019 href=https://ui.adsabs.harvard.edu/abs/2019AJ....158..138S/abstract target=ref>TICv8</a>,14h18m09.30s,214.5387463,+38d58m00.89s,38.9669132,153.64700000,0.85400000,-0.85400000,8.2100000,0.0300000,-0.0300000,5.8750000,0.0180000,-0.0180000,7.9406100,0.0002050,-0.0002050,2019-11-01,2019-04,2019-11-01 14:48:28
HD 134060 b,HD 134060,1,1,2,Radial Velocity,2019,La Silla Observatory,Published Confirmed,0,<a refstr=UDRY_ET_AL__2019 href=https://ui.adsabs.harvard.edu/abs/2019A&A...622A..37U/abstract target=ref>Udry et al. 2019</a>,3.26960000000,0.00010000000,-0.00010000000,0,0.0444000000,0.0013000000,-0.0014000000,0,,,,,,,,,10.10000000,0.79000000,-0.75000000,0,0.03180000,0.00250000,-0.00240000,0,Msini,0.450000,0.040000,-0.040000,0,,,,,,,,,0,<a refstr=UDRY_ET_AL__2019 href=https://ui.adsabs.harvard.edu/abs/2019A&A...622A..37U/abstract target=ref>Udry et al. 2019</a>,G3 IV,5966.00,14.00,-14.00,0,,,,,1.095000,,,0,0.1400,0.0100,-0.0100,0,[Fe/H],4.430000,0.030000,-0.030000,0,<a refstr=STASSUN_ET_AL__2019 href=https://ui.adsabs.harvard.edu/abs/2019AJ....158..138S/abstract target=ref>TICv8</a>,15h10m44.34s,227.6847587,-61d25m20.55s,-61.4223747,24.01250000,0.02040000,-0.02030000,6.2900000,0.0300000,-0.0300000,4.8360000,0.0260000,-0.0260000,6.1395100,0.0005419,-0.0005419,2019-02-05,2019-02,2019-02-07
HD 134060 c,HD 134060,1,1,2,Radial Velocity,2019,La Silla Observatory,Published Confirmed,0,<a refstr=UDRY_ET_AL__2019 href=https://ui.adsabs.harvard.edu/abs/2019A&A...622A..37U/abstract target=ref>Udry et al. 2019</a>,1291.56460000000,48.03330000000,-44.21970000000,0,2.3928000000,0.0929000000,-0.0951000000,0,,,,,,,,,29.29000000,4.43000000,-4.24000000,0,0.09220000,0.01390000,-0.01330000,0,Msini,0.110000,0.130000,-0.070000,0,,,,,,,,,0,<a refstr=UDRY_ET_AL__2019 href=https://ui.adsabs.harvard.edu/abs/2019A&A...622A..37U/abstract target=ref>Udry et al. 2019</a>,G3 IV,5966.00,14.00,-14.00,0,,,,,1.095000,,,0,0.1400,0.0100,-0.0100,0,[Fe/H],4.430000,0.030000,-0.030000,0,<a refstr=STASSUN_ET_AL__2019 href=https://ui.adsabs.harvard.edu/abs/2019AJ....158..138S/abstract target=ref>TICv8</a>,15h10m44.34s,227.6847587,-61d25m20.55s,-61.4223747,24.01250000,0.02040000,-0.02030000,6.2900000,0.0300000,-0.0300000,4.8360000,0.0260000,-0.0260000,6.1395100,0.0005419,-0.0005419,2019-02-05,2019-02,2019-02-07
HD 136352 b,HD 136352,0,1,3,Radial Velocity,2019,La Silla Observatory,Published Confirmed,0,<a refstr=EHRENREICH_ET_AL__2023 href=https://ui.adsabs.harvard.edu/abs/2023A&A...671A.154E/abstract target=ref>Ehrenreich et al. 2023</a>,11.57779400000,0.00002300000,-0.00002500000,0,0.0963000000,0.0021000000,-0.0021000000,0,1.64300000,0.03500000,-0.03500000,0,0.14657889,0.00312250,-0.00312250,0,4.68000000,0.40000000,-0.40000000,0,0.01472493,0.00125854,-0.00125854,0,Mass,,,,,,,,,,,,,0,<a refstr=EHRENREICH_ET_AL__2023 href=https://ui.adsabs.harvard.edu/abs/2023A&A...671A.154E/abstract target=ref>Ehrenreich et al. 2023</a>,G4 V,5664.00,61.00,-61.00,0,1.054000,0.014000,-0.014000,0,0.876000,0.026000,-0.032000,0,-0.3400,0.0400,-0.0400,0,[Fe/H],4.390000,0.110000,-0.110000,0,<a refstr=STASSUN_ET_AL__2019 href=https://ui.adsabs.harvard.edu/abs/2019AJ....158..138S/abstract target=ref>TICv8</a>,15h21m45.63s,230.4401147,-48d19m07.74s,-48.3188174,14.68200000,0.01990000,-0.01980000,5.6500000,0.0300000,-0.0300000,4.1590000,0.0360000,-0.0360000,5.4849500,0.0015675,-0.0015675,2025-10-30,2023-03,2025-10-30
HD 136352 b,HD 136352,0,1,3,Radial Velocity,2019,La Silla Observatory,TESS Project Candidate,0,<a refstr=EXOFOP_TESS_TOI href=https://exofop.ipac.caltech.edu/tess/view_toi.php target=ref>ExoFOP-TESS TOI</a>,11.57783620835,0.00001836520,-0.00001836520,0,,,,,1.54221286,0.71613497,-0.71613497,0,0.13758725,0.06388939,-0.06388939,0,,,,,,,,,,,,,,99.9013,,,0,806.33,,,0,0,<a refstr=EXOFOP_TESS_TOI href=https://exofop.ipac.caltech.edu/tess/view_toi.php target=ref>ExoFOP-TESS TOI</a>,,5739.00,25.00,-25.00,0,1.026070,0.045106,-0.045106,0,,,,,,,,,,4.510000,0.028000,-0.028000,0,<a refstr=STASSUN_ET_AL__2019 href=https://ui.adsabs.harvard.edu/abs/2019AJ....158..138S/abstract target=ref>TICv8</a>,15h21m45.63s,230.4401147,-48d19m07.74s,-48.3188174,14.68200000,0.01990000,-0.01980000,5.6500000,0.0300000,-0.0300000,4.1590000,0.0360000,-0.0360000,5.4849500,0.0015675,-0.0015675,2024-02-05,2017-07,2024-02-05
HD 136352 b,HD 136352,1,1,3,Radial Velocity,2019,La Silla Observatory,Published Confirmed,0,<a refstr=DELREZ_ET_AL__2021 href=https://ui.adsabs.harvard.edu/abs/2021NatAs.tmp..106D/abstract target=ref>Delrez et al. 2021</a>,11.57797000000,0.00008000000,-0.00013000000,0,0.0964000000,0.0028000000,-0.0028000000,0,1.66400000,0.04300000,-0.04300000,0,0.14845239,0.00383621,-0.00383621,0,4.72000000,0.42000000,-0.42000000,0,0.01485078,0.00132147,-0.00132147,0,Mass,0.000000,,,0,111.6000,7.3000,-6.8000,0,905.00,14.00,-14.00,0,0,<a refstr=DELREZ_ET_AL__2021 href=https://ui.adsabs.harvard.edu/abs/2021NatAs.tmp..106D/abstract target=ref>Delrez et al. 2021</a>,,5664.00,61.00,-61.00,0,1.058000,0.019000,-0.019000,0,0.870000,0.040000,-0.040000,0,-0.2400,0.0500,-0.0500,0,[M/H],4.390000,0.110000,-0.110000,0,<a refstr=STASSUN_ET_AL__2019 href=https://ui.adsabs.harvard.edu/abs/2019AJ....158..138S/abstract target=ref>TICv8</a>,15h21m45.63s,230.4401147,-48d19m07.74s,-48.3188174,14.68200000,0.01990000,-0.01980000,5.6500000,0.0300000,-0.0300000,4.1590000,0.0360000,-0.0360000,5.4849500,0.0015675,-0.0015675,2021-08-09,2021-06,2021-08-09
HD 136352 b,HD 136352,0,1,3,Radial Velocity,2019,La Silla Observatory,Published Confirmed,0,<a refstr=UDRY_ET_AL__2019 href=https://ui.adsabs.harvard.edu/abs/2019A&A...622A..37U/abstract target=ref>Udry et al. 2019</a>,11.58240000000,0.00240000000,-0.00250000000,0,0.0934000000,0.0037000000,-0.0040000000,0,,,,,,,,,4.81000000,0.59000000,-0.56000000,0,0.01510000,0.00180000,-0.00180000,0,Msini,0.140000,0.080000,-0.080000,0,,,,,,,,,0,<a refstr=UDRY_ET_AL__2019 href=https://ui.adsabs.harvard.edu/abs/2019A&A...622A..37U/abstract target=ref>Udry et al. 2019</a>,G4 V,5664.00,14.00,-14.00,0,,,,,0.810000,,,0,-0.3400,0.0100,-0.0100,0,[Fe/H],4.390000,0.020000,-0.020000,0,<a refstr=STASSUN_ET_AL__2019 href=https://ui.adsabs.harvard.edu/abs/2019AJ....158..138S/abstract target=ref>TICv8</a>,15h21m45.63s,230.4401147,-48d19m07.74s,-48.3188174,14.68200000,0.01990000,-0.01980000,5.6500000,0.0300000,-0.0300000,4.1590000,0.0360000,-0.0360000,5.4849500,0.0015675,-0.0015675,2020-12-10,2019-02,2019-02-07
HD 136352 b,HD 136352,0,1,3,Radial Velocity,2019,La Silla Observatory,Published Confirmed,0,<a refstr=KANE_ET_AL__2020 href=https://ui.adsabs.harvard.edu/abs/2020AJ....160..129K/abstract target=ref>Kane et al. 2020</a>,11.57779000000,0.00091000000,-0.00110000000,0,0.0969000000,0.0019000000,-0.0017000000,0,1.48200000,0.05800000,-0.05600000,0,0.13221518,0.00517441,-0.00499599,0,4.62000000,0.45000000,-0.44000000,0,0.01453607,0.00141585,-0.00138439,0,Mass,0.079000,0.068000,-0.053000,0,114.0000,10.0000,-9.0000,0,911.00,18.00,-18.00,0,0,<a refstr=KANE_ET_AL__2020 href=https://ui.adsabs.harvard.edu/abs/2020AJ....160..129K/abstract target=ref>Kane et al. 2020</a>,,5850.00,100.00,-100.00,0,1.012000,0.018000,-0.018000,0,0.906000,0.055000,-0.047000,0,-0.2500,0.1200,-0.1200,0,[Fe/H],4.385000,0.029000,-0.027000,0,<a refstr=STASSUN_ET_AL__2019 href=https://ui.adsabs.harvard.edu/abs/2019AJ....158..138S/abstract target=ref>TICv8</a>,15h21m45.63s,230.4401147,-48d19m07.74s,-48.3188174,14.68200000,0.01990000,-0.01980000,5.6500000,0.0300000,-0.0300000,4.1590000,0.0360000,-0.0360000,5.4849500,0.0015675,-0.0015675,2020-12-10,2020-09,2020-12-17
HD 136352 c,HD 136352,0,1,3,Radial Velocity,2019,La Silla Observatory,Published Confirmed,0,<a refstr=KANE_ET_AL__2020 href=https://ui.adsabs.harvard.edu/abs/2020AJ....160..129K/abstract target=ref>Kane et al. 2020</a>,27.59090000000,0.00280000000,-0.00310000000,0,0.1729000000,0.0034000000,-0.0030000000,0,2.60800000,0.07800000,-0.07700000,0,0.23267018,0.00695869,-0.00686948,0,11.29000000,0.73000000,-0.69000000,0,0.03552213,0.00229683,-0.00217097,0,Mass,0.037000,0.039000,-0.026000,0,36.0000,3.0000,-3.0000,0,682.00,14.00,-13.00,0,0,<a refstr=KANE_ET_AL__2020 href=https://ui.adsabs.harvard.edu/abs/2020AJ....160..129K/abstract target=ref>Kane et al. 2020</a>,,5850.00,100.00,-100.00,0,1.012000,0.018000,-0.018000,0,0.906000,0.055000,-0.047000,0,-0.2500,0.1200,-0.1200,0,[Fe/H],4.385000,0.029000,-0.027000,0,<a refstr=STASSUN_ET_AL__2019 href=https://ui.adsabs.harvard.edu/abs/2019AJ....158..138S/abstract target=ref>TICv8</a>,15h21m45.63s,230.4401147,-48d19m07.74s,-48.3188174,14.68200000,0.01990000,-0.01980000,5.6500000,0.0300000,-0.0300000,4.1590000,0.0360000,-0.0360000,5.4849500,0.0015675,-0.0015675,2020-12-10,2020-09,2020-12-17
HD 136352 c,HD 136352,1,1,3,Radial Velocity,2019,La Silla Observatory,Published Confirmed,0,<a refstr=DELREZ_ET_AL__2021 href=https://ui.adsabs.harvard.edu/abs/2021NatAs.tmp..106D/abstract target=ref>Delrez et al. 2021</a>,27.59221000000,0.00011000000,-0.00011000000,0,0.1721000000,0.0050000000,-0.0050000000,0,2.91600000,0.07500000,-0.07300000,0,0.26014854,0.00669106,-0.00651263,0,11.24000000,0.65000000,-0.63000000,0,0.03536499,0.00204513,-0.00198220,0,Mass,0.000000,,,0,35.1000,2.3000,-2.1000,0,677.00,11.00,-11.00,0,0,<a refstr=DELREZ_ET_AL__2021 href=https://ui.adsabs.harvard.edu/abs/2021NatAs.tmp..106D/abstract target=ref>Delrez et al. 2021</a>,,5664.00,61.00,-61.00,0,1.058000,0.019000,-0.019000,0,0.870000,0.040000,-0.040000,0,-0.2400,0.0500,-0.0500,0,[M/H],4.390000,0.110000,-0.110000,0,<a refstr=STASSUN_ET_AL__2019 href=https://ui.adsabs.harvard.edu/abs/2019AJ....158..138S/abstract target=ref>TICv8</a>,15h21m45.63s,230.4401147,-48d19m07.74s,-48.3188174,14.68200000,0.01990000,-0.01980000,5.6500000,0.0300000,-0.0300000,4.1590000,0.0360000,-0.0360000,5.4849500,0.0015675,-0.0015675,2021-08-09,2021-06,2021-08-09
HD 136352 c,HD 136352,0,1,3,Radial Velocity,2019,La Silla Observatory,TESS Project Candidate,0,<a refstr=EXOFOP_TESS_TOI href=https://exofop.ipac.caltech.edu/tess/view_toi.php target=ref>ExoFOP-TESS TOI</a>,27.59207175355,0.00002658748,-0.00002658748,0,,,,,2.70502784,0.15089720,-0.15089720,0,0.24132684,0.01346217,-0.01346217,0,,,,,,,,,,,,,,31.3831,,,0,603.66,,,0,0,<a refstr=EXOFOP_TESS_TOI href=https://exofop.ipac.caltech.edu/tess/view_toi.php target=ref>ExoFOP-TESS TOI</a>,,5739.00,25.00,-25.00,0,1.026070,0.045106,-0.045106,0,,,,,,,,,,4.510000,0.028000,-0.028000,0,<a refstr=STASSUN_ET_AL__2019 href=https://ui.adsabs.harvard.edu/abs/2019AJ....158..138S/abstract target=ref>TICv8</a>,15h21m45.63s,230.4401147,-48d19m07.74s,-48.3188174,14.68200000,0.01990000,-0.01980000,5.6500000,0.0300000,-0.0300000,4.1590000,0.0360000,-0.0360000,5.4849500,0.0015675,-0.0015675,2024-02-05,2017-07,2024-02-05
HD 136352 c,HD 136352,0,1,3,Radial Velocity,2019,La Silla Observatory,Published Confirmed,0,<a refstr=UDRY_ET_AL__2019 href=https://ui.adsabs.harvard.edu/abs/2019A&A...622A..37U/abstract target=ref>Udry et al. 2019</a>,27.58210000000,0.00890000000,-0.00860000000,0,0.1666000000,0.0066000000,-0.0072000000,0,,,,,,,,,10.80000000,1.08000000,-1.05000000,0,0.03400000,0.00340000,-0.00330000,0,Msini,0.040000,0.050000,-0.030000,0,,,,,,,,,0,<a refstr=UDRY_ET_AL__2019 href=https://ui.adsabs.harvard.edu/abs/2019A&A...622A..37U/abstract target=ref>Udry et al. 2019</a>,G4 V,5664.00,14.00,-14.00,0,,,,,0.810000,,,0,-0.3400,0.0100,-0.0100,0,[Fe/H],4.390000,0.020000,-0.020000,0,<a refstr=STASSUN_ET_AL__2019 href=https://ui.adsabs.harvard.edu/abs/2019AJ....158..138S/abstract target=ref>TICv8</a>,15h21m45.63s,230.4401147,-48d19m07.74s,-48.3188174,14.68200000,0.01990000,-0.01980000,5.6500000,0.0300000,-0.0300000,4.1590000,0.0360000,-0.0360000,5.4849500,0.0015675,-0.0015675,2020-12-10,2019-02,2019-02-07
HD 136352 c,HD 136352,0,1,3,Radial Velocity,2019,La Silla Observatory,Published Confirmed,0,<a refstr=EHRENREICH_ET_AL__2023 href=https://ui.adsabs.harvard.edu/abs/2023A&A...671A.154E/abstract target=ref>Ehrenreich et al. 2023</a>,27.59207600000,0.00004700000,-0.00004900000,0,0.1717000000,0.0037000000,-0.0037000000,0,2.85700000,0.05800000,-0.05700000,0,0.25488491,0.00517442,-0.00508521,0,11.22000000,0.60000000,-0.58000000,0,0.03530207,0.00188781,-0.00182488,0,Mass,,,,,,,,,,,,,0,<a refstr=EHRENREICH_ET_AL__2023 href=https://ui.adsabs.harvard.edu/abs/2023A&A...671A.154E/abstract target=ref>Ehrenreich et al. 2023</a>,G4 V,5664.00,61.00,-61.00,0,1.054000,0.014000,-0.014000,0,0.876000,0.026000,-0.032000,0,-0.3400,0.0400,-0.0400,0,[Fe/H],4.390000,0.110000,-0.110000,0,<a refstr=STASSUN_ET_AL__2019 href=https://ui.adsabs.harvard.edu/abs/2019AJ....158..138S/abstract target=ref>TICv8</a>,15h21m45.63s,230.4401147,-48d19m07.74s,-48.3188174,14.68200000,0.01990000,-0.01980000,5.6500000,0.0300000,-0.0300000,4.1590000,0.0360000,-0.0360000,5.4849500,0.0015675,-0.0015675,2025-10-30,2023-03,2025-10-30
HD 136352 d,HD 136352,0,1,3,Radial Velocity,2019,La Silla Observatory,Published Confirmed,0,<a refstr=KANE_ET_AL__2020 href=https://ui.adsabs.harvard.edu/abs/2020AJ....160..129K/abstract target=ref>Kane et al. 2020</a>,107.63000000000,0.18000000000,-0.19000000000,0,0.4285000000,0.0085000000,-0.0076000000,0,,,,,,,,,10.50000000,1.10000000,-1.00000000,0,0.03303653,0.00346097,-0.00314634,0,Msini,0.075000,0.085000,-0.053000,0,5.8000,0.5000,-0.5000,0,433.30,8.60,-8.50,0,0,<a refstr=KANE_ET_AL__2020 href=https://ui.adsabs.harvard.edu/abs/2020AJ....160..129K/abstract target=ref>Kane et al. 2020</a>,,5850.00,100.00,-100.00,0,1.012000,0.018000,-0.018000,0,0.906000,0.055000,-0.047000,0,-0.2500,0.1200,-0.1200,0,[Fe/H],4.385000,0.029000,-0.027000,0,<a refstr=STASSUN_ET_AL__2019 href=https://ui.adsabs.harvard.edu/abs/2019AJ....158..138S/abstract target=ref>TICv8</a>,15h21m45.63s,230.4401147,-48d19m07.74s,-48.3188174,14.68200000,0.01990000,-0.01980000,5.6500000,0.0300000,-0.0300000,4.1590000,0.0360000,-0.0360000,5.4849500,0.0015675,-0.0015675,2020-12-10,2020-09,2020-12-17
HD 136352 d,HD 136352,0,1,3,Radial Velocity,2019,La Silla Observatory,Published Confirmed,0,<a refstr=EHRENREICH_ET_AL__2023 href=https://ui.adsabs.harvard.edu/abs/2023A&A...671A.154E/abstract target=ref>Ehrenreich et al. 2023</a>,107.13630000000,0.00190000000,-0.00240000000,0,0.4243000000,0.0092000000,-0.0092000000,0,2.50700000,0.04200000,-0.04200000,0,0.22365994,0.00374700,-0.00374700,0,8.66000000,0.90000000,-0.91000000,0,0.02724741,0.00283172,-0.00286318,0,Mass,,,,,,,,,,,,,0,<a refstr=EHRENREICH_ET_AL__2023 href=https://ui.adsabs.harvard.edu/abs/2023A&A...671A.154E/abstract target=ref>Ehrenreich et al. 2023</a>,G4 V,5664.00,61.00,-61.00,0,1.054000,0.014000,-0.014000,0,0.876000,0.026000,-0.032000,0,-0.3400,0.0400,-0.0400,0,[Fe/H],4.390000,0.110000,-0.110000,0,<a refstr=STASSUN_ET_AL__2019 href=https://ui.adsabs.harvard.edu/abs/2019AJ....158..138S/abstract target=ref>TICv8</a>,15h21m45.63s,230.4401147,-48d19m07.74s,-48.3188174,14.68200000,0.01990000,-0.01980000,5.6500000,0.0300000,-0.0300000,4.1590000,0.0360000,-0.0360000,5.4849500,0.0015675,-0.0015675,2025-10-30,2023-03,2025-10-30
HD 136352 d,HD 136352,0,1,3,Radial Velocity,2019,La Silla Observatory,TESS Project Candidate,0,<a refstr=EXOFOP_TESS_TOI href=https://exofop.ipac.caltech.edu/tess/view_toi.php target=ref>ExoFOP-TESS TOI</a>,,,,,,,,,1.62083261,0.12111160,-0.12111160,0,0.14460125,0.01080487,-0.01080487,0,,,,,,,,,,,,,,335.6075,,,0,1091.64,,,0,0,<a refstr=EXOFOP_TESS_TOI href=https://exofop.ipac.caltech.edu/tess/view_toi.php target=ref>ExoFOP-TESS TOI</a>,,5739.00,25.00,-25.00,0,1.026070,0.045106,-0.045106,0,,,,,,,,,,4.510000,0.028000,-0.028000,0,<a refstr=STASSUN_ET_AL__2019 href=https://ui.adsabs.harvard.edu/abs/2019AJ....158..138S/abstract target=ref>TICv8</a>,15h21m45.63s,230.4401147,-48d19m07.74s,-48.3188174,14.68200000,0.01990000,-0.01980000,5.6500000,0.0300000,-0.0300000,4.1590000,0.0360000,-0.0360000,5.4849500,0.0015675,-0.0015675,2024-03-06,2017-07,2024-03-06
HD 136352 d,HD 136352,1,1,3,Radial Velocity,2019,La Silla Observatory,Published Confirmed,0,<a refstr=DELREZ_ET_AL__2021 href=https://ui.adsabs.harvard.edu/abs/2021NatAs.tmp..106D/abstract target=ref>Delrez et al. 2021</a>,107.24500000000,0.05000000000,-0.05000000000,0,0.4250000000,0.0120000000,-0.0120000000,0,2.56200000,0.08800000,-0.07900000,0,0.22856672,0.00785085,-0.00704792,0,8.82000000,0.93000000,-0.92000000,0,0.02775082,0.00292611,-0.00289464,0,Mass,0.000000,,,0,5.7400,0.3800,-0.3500,0,431.00,7.00,-7.00,0,0,<a refstr=DELREZ_ET_AL__2021 href=https://ui.adsabs.harvard.edu/abs/2021NatAs.tmp..106D/abstract target=ref>Delrez et al. 2021</a>,,5664.00,61.00,-61.00,0,1.058000,0.019000,-0.019000,0,0.870000,0.040000,-0.040000,0,-0.2400,0.0500,-0.0500,0,[M/H],4.390000,0.110000,-0.110000,0,<a refstr=STASSUN_ET_AL__2019 href=https://ui.adsabs.harvard.edu/abs/2019AJ....158..138S/abstract target=ref>TICv8</a>,15h21m45.63s,230.4401147,-48d19m07.74s,-48.3188174,14.68200000,0.01990000,-0.01980000,5.6500000,0.0300000,-0.0300000,4.1590000,0.0360000,-0.0360000,5.4849500,0.0015675,-0.0015675,2021-08-09,2021-06,2021-08-09
HD 136352 d,HD 136352,0,1,3,Radial Velocity,2019,La Silla Observatory,Published Confirmed,0,<a refstr=UDRY_ET_AL__2019 href=https://ui.adsabs.harvard.edu/abs/2019A&A...622A..37U/abstract target=ref>Udry et al. 2019</a>,107.59830000000,0.27960000000,-0.26690000000,0,0.4128000000,0.0163000000,-0.0175000000,0,,,,,,,,,8.58000000,1.18000000,-1.15000000,0,0.02700000,0.00370000,-0.00360000,0,Msini,0.090000,0.100000,-0.070000,0,,,,,,,,,0,<a refstr=UDRY_ET_AL__2019 href=https://ui.adsabs.harvard.edu/abs/2019A&A...622A..37U/abstract target=ref>Udry et al. 2019</a>,G4 V,5664.00,14.00,-14.00,0,,,,,0.810000,,,0,-0.3400,0.0100,-0.0100,0,[Fe/H],4.390000,0.020000,-0.020000,0,<a refstr=STASSUN_ET_AL__2019 href=https://ui.adsabs.harvard.edu/abs/2019AJ....158..138S/abstract target=ref>TICv8</a>,15h21m45.63s,230.4401147,-48d19m07.74s,-48.3188174,14.68200000,0.01990000,-0.01980000,5.6500000,0.0300000,-0.0300000,4.1590000,0.0360000,-0.0360000,5.4849500,0.0015675,-0.0015675,2020-12-10,2019-02,2019-02-07
HD 15337 b,HD 15337,0,1,2,Transit,2019,Transiting Exoplanet Survey Satellite (TESS),Published Confirmed,0,<a refstr=GANDOLFI_ET_AL__2019 href=https://ui.adsabs.harvard.edu/abs/2019ApJ...876L..24G/abstract target=ref>Gandolfi et al. 2019</a>,4.75615000000,0.00017000000,-0.00017000000,0,0.0522000000,0.0012000000,-0.0012000000,0,1.64000000,0.06000000,-0.06000000,0,0.14631100,0.00535284,-0.00535284,0,7.51000000,1.09000000,-1.01000000,0,0.02362898,0.00342951,-0.00317780,0,Mass,0.090000,0.050000,-0.050000,0,,,,,1001.00,11.50,-11.50,0,0,<a refstr=GANDOLFI_ET_AL__2019 href=https://ui.adsabs.harvard.edu/abs/2019ApJ...876L..24G/abstract target=ref>Gandolfi et al. 2019</a>,K1 V,5125.00,50.00,-50.00,0,0.856000,0.017000,-0.017000,0,0.900000,0.030000,-0.030000,0,0.1500,0.1000,-0.1000,0,[Fe/H],4.530000,0.020000,-0.020000,0,<a refstr=STASSUN_ET_AL__2019 href=https://ui.adsabs.harvard.edu/abs/2019AJ....158..138S/abstract target=ref>TICv8</a>,02h27m28.29s,36.8678846,-27d38m10.02s,-27.6361171,44.81550000,0.07070000,-0.07040000,9.1000000,0.0300000,-0.0300000,7.0440000,0.0180000,-0.0180000,8.8559800,0.0001780,-0.0001780,2019-05-14,2019-05,2019-05-16
HD 15337 b,HD 15337,0,1,2,Transit,2019,Transiting Exoplanet Survey Satellite (TESS),Published Confirmed,0,<a refstr=DUMUSQUE_ET_AL__2019 href=https://ui.adsabs.harvard.edu/abs/2019A&A...627A..43D/abstract target=ref>Dumusque et al. 2019</a>,4.75642000000,0.00021000000,-0.00020000000,0,0.0524500000,0.0008500000,-0.0007200000,0,1.69900000,0.06200000,-0.05900000,0,0.15160000,0.00550000,-0.00530000,0,7.20000000,0.81000000,-0.81000000,0,0.02265362,0.00254853,-0.00254853,0,Mass,0.170000,0.090000,-0.090000,0,,,,,1006.00,13.00,-14.00,0,0,<a refstr=DUMUSQUE_ET_AL__2019 href=https://ui.adsabs.harvard.edu/abs/2019A&A...627A..43D/abstract target=ref>Dumusque et al. 2019</a>,,5131.00,74.00,-74.00,0,0.839000,0.018000,-0.016000,0,0.851000,0.042000,-0.034000,0,0.0300,0.0400,-0.0400,0,[Fe/H],4.370000,0.130000,-0.130000,0,<a refstr=STASSUN_ET_AL__2019 href=https://ui.adsabs.harvard.edu/abs/2019AJ....158..138S/abstract target=ref>TICv8</a>,02h27m28.29s,36.8678846,-27d38m10.02s,-27.6361171,44.81550000,0.07070000,-0.07040000,9.1000000,0.0300000,-0.0300000,7.0440000,0.0180000,-0.0180000,8.8559800,0.0001780,-0.0001780,2019-10-02,2019-07,2019-10-10
HD 15337 b,HD 15337,0,1,2,Transit,2019,Transiting Exoplanet Survey Satellite (TESS),TESS Project Candidate,0,<a refstr=EXOFOP_TESS_TOI href=https://exofop.ipac.caltech.edu/tess/view_toi.php target=ref>ExoFOP-TESS TOI</a>,4.75597367929,0.00001854214,-0.00001854214,0,,,,,1.72541702,0.69934960,-0.69934960,0,0.15393166,0.06239190,-0.06239190,0,,,,,,,,,,,,,,161.7314,,,0,909.53,,,0,0,<a refstr=EXOFOP_TESS_TOI href=https://exofop.ipac.caltech.edu/tess/view_toi.php target=ref>ExoFOP-TESS TOI</a>,,5175.20,23.62,-23.62,0,0.841842,0.041842,-0.041842,0,,,,,,,,,,4.376570,0.066896,-0.066896,0,<a refstr=STASSUN_ET_AL__2019 href=https://ui.adsabs.harvard.edu/abs/2019AJ....158..138S/abstract target=ref>TICv8</a>,02h27m28.29s,36.8678846,-27d38m10.02s,-27.6361171,44.81550000,0.07070000,-0.07040000,9.1000000,0.0300000,-0.0300000,7.0440000,0.0180000,-0.0180000,8.8559800,0.0001780,-0.0001780,2024-09-16,2017-07,2024-09-16
HD 15337 b,HD 15337,1,1,2,Transit,2019,Transiting Exoplanet Survey Satellite (TESS),Published Confirmed,0,<a refstr=ROS_AMP_AACUTE_RIO_ET_AL__2024 href=https://ui.adsabs.harvard.edu/abs/2024A&A...686A.282R/abstract target=ref>Ros&aacute;rio et al. 2024</a>,4.75598040000,0.00000620000,-0.00000370000,0,,,,,1.77000000,0.03200000,-0.03000000,0,0.15790910,0.00285485,-0.00267643,0,6.51900000,0.40900000,-0.40000000,0,0.02051107,0.00128686,-0.00125854,0,Mass,0.058000,0.022000,-0.016000,0,,,,,,,,,0,<a refstr=ROS_AMP_AACUTE_RIO_ET_AL__2024 href=https://ui.adsabs.harvard.edu/abs/2024A&A...686A.282R/abstract target=ref>Ros&aacute;rio et al. 2024</a>,,5131.00,74.00,-74.00,0,0.855000,0.008000,-0.008000,0,0.829000,0.038000,-0.038000,0,0.0300,0.0400,-0.0400,0,[Fe/H],4.480000,0.040000,-0.040000,0,<a refstr=STASSUN_ET_AL__2019 href=https://ui.adsabs.harvard.edu/abs/2019AJ....158..138S/abstract target=ref>TICv8</a>,02h27m28.29s,36.8678846,-27d38m10.02s,-27.6361171,44.81550000,0.07070000,-0.07040000,9.1000000,0.0300000,-0.0300000,7.0440000,0.0180000,-0.0180000,8.8559800,0.0001780,-0.0001780,2025-02-12,2024-06,2025-02-12
HD 15337 c,HD 15337,0,1,2,Transit,2019,Transiting Exoplanet Survey Satellite (TESS),Published Confirmed,0,<a refstr=DUMUSQUE_ET_AL__2019 href=https://ui.adsabs.harvard.edu/abs/2019A&A...627A..43D/abstract target=ref>Dumusque et al. 2019</a>,17.17840000000,0.00160000000,-0.00150000000,0,0.1235000000,0.0020000000,-0.0017000000,0,2.52200000,0.10600000,-0.10200000,0,0.22500000,0.00950000,-0.00910000,0,8.79000000,1.68000000,-1.68000000,0,0.02765629,0.00528584,-0.00528584,0,Mass,0.190000,0.100000,-0.100000,0,,,,,656.10,8.40,-9.00,0,0,<a refstr=DUMUSQUE_ET_AL__2019 href=https://ui.adsabs.harvard.edu/abs/2019A&A...627A..43D/abstract target=ref>Dumusque et al. 2019</a>,,5131.00,74.00,-74.00,0,0.839000,0.018000,-0.016000,0,0.851000,0.042000,-0.034000,0,0.0300,0.0400,-0.0400,0,[Fe/H],4.370000,0.130000,-0.130000,0,<a refstr=STASSUN_ET_AL__2019 href=https://ui.adsabs.harvard.edu/abs/2019AJ....158..138S/abstract target=ref>TICv8</a>,02h27m28.29s,36.8678846,-27d38m10.02s,-27.6361171,44.81550000,0.07070000,-0.07040000,9.1000000,0.0300000,-0.0300000,7.0440000,0.0180000,-0.0180000,8.8559800,0.0001780,-0.0001780,2019-10-02,2019-07,2019-10-10
HD 15337 c,HD 15337,1,1,2,Transit,2019,Transiting Exoplanet Survey Satellite (TESS),Published Confirmed,0,<a refstr=ROS_AMP_AACUTE_RIO_ET_AL__2024 href=https://ui.adsabs.harvard.edu/abs/2024A&A...686A.282R/abstract target=ref>Ros&aacute;rio et al. 2024</a>,17.18054600000,0.00002100000,-0.00002600000,0,,,,,2.52600000,0.08600000,-0.07500000,0,0.22535501,0.00767242,-0.00669106,0,6.79200000,1.30200000,-1.14300000,0,0.02137002,0.00409655,-0.00359628,0,Mass,0.096000,0.059000,-0.045000,0,,,,,,,,,0,<a refstr=ROS_AMP_AACUTE_RIO_ET_AL__2024 href=https://ui.adsabs.harvard.edu/abs/2024A&A...686A.282R/abstract target=ref>Ros&aacute;rio et al. 2024</a>,,5131.00,74.00,-74.00,0,0.855000,0.008000,-0.008000,0,0.829000,0.038000,-0.038000,0,0.0300,0.0400,-0.0400,0,[Fe/H],4.480000,0.040000,-0.040000,0,<a refstr=STASSUN_ET_AL__2019 href=https://ui.adsabs.harvard.edu/abs/2019AJ....158..138S/abstract target=ref>TICv8</a>,02h27m28.29s,36.8678846,-27d38m10.02s,-27.6361171,44.81550000,0.07070000,-0.07040000,9.1000000,0.0300000,-0.0300000,7.0440000,0.0180000,-0.0180000,8.8559800,0.0001780,-0.0001780,2025-02-12,2024-06,2025-02-12
HD 15337 c,HD 15337,0,1,2,Transit,2019,Transiting Exoplanet Survey Satellite (TESS),TESS Project Candidate,0,<a refstr=EXOFOP_TESS_TOI href=https://exofop.ipac.caltech.edu/tess/view_toi.php target=ref>ExoFOP-TESS TOI</a>,17.18072135901,0.00004576963,-0.00004576963,0,,,,,2.19540344,1.62912520,-1.62912520,0,0.19586111,0.14534107,-0.14534107,0,,,,,,,,,,,,,,29.1782,,,0,592.77,,,0,0,<a refstr=EXOFOP_TESS_TOI href=https://exofop.ipac.caltech.edu/tess/view_toi.php target=ref>ExoFOP-TESS TOI</a>,,5175.20,23.62,-23.62,0,0.841842,0.041842,-0.041842,0,,,,,,,,,,4.376570,0.066896,-0.066896,0,<a refstr=STASSUN_ET_AL__2019 href=https://ui.adsabs.harvard.edu/abs/2019AJ....158..138S/abstract target=ref>TICv8</a>,02h27m28.29s,36.8678846,-27d38m10.02s,-27.6361171,44.81550000,0.07070000,-0.07040000,9.1000000,0.0300000,-0.0300000,7.0440000,0.0180000,-0.0180000,8.8559800,0.0001780,-0.0001780,2024-09-16,2017-07,2024-09-16
HD 15337 c,HD 15337,0,1,2,Transit,2019,Transiting Exoplanet Survey Satellite (TESS),Published Confirmed,0,<a refstr=GANDOLFI_ET_AL__2019 href=https://ui.adsabs.harvard.edu/abs/2019ApJ...876L..24G/abstract target=ref>Gandolfi et al. 2019</a>,17.17840000000,0.00160000000,-0.00160000000,0,0.1268000000,0.0038000000,-0.0038000000,0,2.39000000,0.12000000,-0.12000000,0,0.21322152,0.01070568,-0.01070568,0,8.11000000,1.82000000,-1.69000000,0,0.02551679,0.00572633,-0.00531731,0,Mass,0.050000,0.060000,-0.040000,0,,,,,642.00,10.00,-10.00,0,0,<a refstr=GANDOLFI_ET_AL__2019 href=https://ui.adsabs.harvard.edu/abs/2019ApJ...876L..24G/abstract target=ref>Gandolfi et al. 2019</a>,K1 V,5125.00,50.00,-50.00,0,0.856000,0.017000,-0.017000,0,0.900000,0.030000,-0.030000,0,0.1500,0.1000,-0.1000,0,[Fe/H],4.530000,0.020000,-0.020000,0,<a refstr=STASSUN_ET_AL__2019 href=https://ui.adsabs.harvard.edu/abs/2019AJ....158..138S/abstract target=ref>TICv8</a>,02h27m28.29s,36.8678846,-27d38m10.02s,-27.6361171,44.81550000,0.07070000,-0.07040000,9.1000000,0.0300000,-0.0300000,7.0440000,0.0180000,-0.0180000,8.8559800,0.0001780,-0.0001780,2019-05-14,2019-05,2019-05-16
HD 181234 b,HD 181234,0,1,1,Radial Velocity,2019,La Silla Observatory,Published Confirmed,0,<a refstr=XIAO_ET_AL__2023 href=https://ui.adsabs.harvard.edu/abs/2023RAA....23e5022X/abstract target=ref>Xiao et al. 2023</a>,7450.00000000000,120.00000000000,-100.00000000000,0,7.5200000000,0.1600000000,-0.1700000000,0,,,,,,,,,3219.60176291,235.19302118,-200.23189641,0,10.13000000,0.74000000,-0.63000000,0,Mass,0.725400,0.009400,-0.009400,0,,,,,,,,,0,<a refstr=XIAO_ET_AL__2023 href=https://ui.adsabs.harvard.edu/abs/2023RAA....23e5022X/abstract target=ref>Xiao et al. 2023</a>,G8 IV,5386.00,60.00,-60.00,0,,,,,1.010000,0.060000,-0.060000,0,0.3200,0.0500,-0.0500,0,[Fe/H],4.250000,0.110000,-0.110000,0,<a refstr=STASSUN_ET_AL__2019 href=https://ui.adsabs.harvard.edu/abs/2019AJ....158..138S/abstract target=ref>TICv8</a>,19h19m59.97s,289.9998695,-09d19m29.89s,-9.3249700,47.74580000,0.12980000,-0.12900000,8.5900000,0.0300000,-0.0300000,6.6890000,0.0200000,-0.0200000,8.3692600,0.0003760,-0.0003760,2023-06-12,2023-05,2023-06-12
HD 181234 b,HD 181234,1,1,1,Radial Velocity,2019,La Silla Observatory,Published Confirmed,0,<a refstr=FENG_ET_AL__2022 href=https://ui.adsabs.harvard.edu/abs/2022ApJS..262...21F/abstract target=ref>Feng et al. 2022</a>,7593.40512000000,113.61020000000,-121.82598000000,0,7.4270000000,0.3040000000,-0.3400000000,0,,,,,,,,,2980.91262925,321.00669107,-315.60360815,0,9.37900000,1.01000000,-0.99300000,0,Mass,0.726000,0.010000,-0.010000,0,,,,,,,,,0,<a refstr=FENG_ET_AL__2022 href=https://ui.adsabs.harvard.edu/abs/2022ApJS..262...21F/abstract target=ref>Feng et al. 2022</a>,,,,,,,,,,0.940000,0.118000,-0.118000,0,,,,,,,,,,<a refstr=STASSUN_ET_AL__2019 href=https://ui.adsabs.harvard.edu/abs/2019AJ....158..138S/abstract target=ref>TICv8</a>,19h19m59.97s,289.9998695,-09d19m29.89s,-9.3249700,47.74580000,0.12980000,-0.12900000,8.5900000,0.0300000,-0.0300000,6.6890000,0.0200000,-0.0200000,8.3692600,0.0003760,-0.0003760,2023-06-12,2022-09,2023-06-12
HD 181234 b,HD 181234,0,1,1,Radial Velocity,2019,La Silla Observatory,Published Confirmed,0,<a refstr=RICKMAN_ET_AL__2019 href=https://ui.adsabs.harvard.edu/abs/2019A&A...625A..71R/abstract target=ref>Rickman et al. 2019</a>,7462.05750000000,80.35500000000,-76.70250000000,0,7.5200000000,0.1600000000,-0.1600000000,0,,,,,,,,,2660.23710000,108.06220000,-114.41880000,0,8.37000000,0.34000000,-0.36000000,0,Msini,0.730000,0.010000,-0.010000,0,,,,,,,,,0,<a refstr=RICKMAN_ET_AL__2019 href=https://ui.adsabs.harvard.edu/abs/2019A&A...625A..71R/abstract target=ref>Rickman et al. 2019</a>,G5,5386.00,60.00,-60.00,0,1.050000,0.070000,-0.070000,0,1.010000,0.060000,-0.060000,0,0.3200,0.0500,-0.0500,0,[Fe/H],4.250000,0.110000,-0.110000,0,<a refstr=STASSUN_ET_AL__2019 href=https://ui.adsabs.harvard.edu/abs/2019AJ....158..138S/abstract target=ref>TICv8</a>,19h19m59.97s,289.9998695,-09d19m29.89s,-9.3249700,47.74580000,0.12980000,-0.12900000,8.5900000,0.0300000,-0.0300000,6.6890000,0.0200000,-0.0200000,8.3692600,0.0003760,-0.0003760,2019-04-08,2019-05,2019-04-11
HD 181234 b,HD 181234,0,1,1,Radial Velocity,2019,La Silla Observatory,Published Confirmed,0,<a refstr=ROSENTHAL_ET_AL__2021 href=https://ui.adsabs.harvard.edu/abs/2021ApJS..255....8R/abstract target=ref>Rosenthal et al. 2021</a>,7504.00000000000,79.00000000000,-80.00000000000,0,7.4300000000,0.1100000000,-0.1100000000,0,,,,,,,,,2892.23850370,508.52545120,-263.79757781,0,9.10000000,1.60000000,-0.83000000,0,Msini,0.792000,0.069000,-0.083000,0,,,,,,,,,0,<a refstr=ROSENTHAL_ET_AL__2021 href=https://ui.adsabs.harvard.edu/abs/2021ApJS..255....8R/abstract target=ref>Rosenthal et al. 2021</a>,,5372.83,79.67,-79.67,0,1.059423,0.023986,-0.023986,0,0.973040,0.037160,-0.037160,0,0.3773,0.0562,-0.0562,0,[Fe/H],4.374546,0.028108,-0.028108,0,<a refstr=STASSUN_ET_AL__2019 href=https://ui.adsabs.harvard.edu/abs/2019AJ....158..138S/abstract target=ref>TICv8</a>,19h19m59.97s,289.9998695,-09d19m29.89s,-9.3249700,47.74580000,0.12980000,-0.12900000,8.5900000,0.0300000,-0.0300000,6.6890000,0.0200000,-0.0200000,8.3692600,0.0003760,-0.0003760,2021-09-20,2021-07,2021-09-20
HD 20003 b,HD 20003,1,1,2,Radial Velocity,2019,La Silla Observatory,Published Confirmed,0,<a refstr=UDRY_ET_AL__2019 href=https://ui.adsabs.harvard.edu/abs/2019A&A...622A..37U/abstract target=ref>Udry et al. 2019</a>,11.84820000000,0.00160000000,-0.00170000000,0,0.0974000000,0.0034000000,-0.0039000000,0,,,,,,,,,11.66000000,1.04000000,-1.06000000,0,0.03670000,0.00330000,-0.00330000,0,Msini,0.360000,0.050000,-0.050000,0,,,,,,,,,0,<a refstr=UDRY_ET_AL__2019 href=https://ui.adsabs.harvard.edu/abs/2019A&A...622A..37U/abstract target=ref>Udry et al. 2019</a>,G8 V,5494.00,27.00,-27.00,0,,,,,0.875000,,,0,0.0400,0.0200,-0.0200,0,[Fe/H],4.410000,0.050000,-0.050000,0,<a refstr=STASSUN_ET_AL__2019 href=https://ui.adsabs.harvard.edu/abs/2019AJ....158..138S/abstract target=ref>TICv8</a>,03h07m38.16s,46.9090081,-72d19m18.92s,-72.3219221,41.83160000,0.04990000,-0.04980000,8.3900000,0.0300000,-0.0300000,6.6470000,0.0200000,-0.0200000,8.1918400,0.0002370,-0.0002370,2019-02-05,2019-02,2019-02-07
HD 20003 c,HD 20003,1,1,2,Radial Velocity,2019,La Silla Observatory,Published Confirmed,0,<a refstr=UDRY_ET_AL__2019 href=https://ui.adsabs.harvard.edu/abs/2019A&A...622A..37U/abstract target=ref>Udry et al. 2019</a>,33.92390000000,0.02390000000,-0.02660000000,0,0.1964000000,0.0068000000,-0.0078000000,0,,,,,,,,,14.44000000,1.47000000,-1.39000000,0,0.04540000,0.00460000,-0.00440000,0,Msini,0.100000,0.080000,-0.070000,0,,,,,,,,,0,<a refstr=UDRY_ET_AL__2019 href=https://ui.adsabs.harvard.edu/abs/2019A&A...622A..37U/abstract target=ref>Udry et al. 2019</a>,G8 V,5494.00,27.00,-27.00,0,,,,,0.875000,,,0,0.0400,0.0200,-0.0200,0,[Fe/H],4.410000,0.050000,-0.050000,0,<a refstr=STASSUN_ET_AL__2019 href=https://ui.adsabs.harvard.edu/abs/2019AJ....158..138S/abstract target=ref>TICv8</a>,03h07m38.16s,46.9090081,-72d19m18.92s,-72.3219221,41.83160000,0.04990000,-0.04980000,8.3900000,0.0300000,-0.0300000,6.6470000,0.0200000,-0.0200000,8.1918400,0.0002370,-0.0002370,2019-02-05,2019-02,2019-02-07
HD 202696 b,HD 202696,1,1,2,Radial Velocity,2019,W. M. Keck Observatory,Published Confirmed,0,<a refstr=TRIFONOV_ET_AL__2019 href=https://ui.adsabs.harvard.edu/abs/2019AJ....157...93T/abstract target=ref>Trifonov et al. 2019</a>,517.80000000000,8.90000000000,-3.90000000000,0,1.5660000000,0.0160000000,-0.0070000000,0,,,,,,,,,634.38868000,69.92260000,-31.78300000,-1,1.99600000,0.22000000,-0.10000000,-1,Mass,0.011000,0.078000,-0.011000,0,,,,,,,,,0,<a refstr=TRIFONOV_ET_AL__2019 href=https://ui.adsabs.harvard.edu/abs/2019AJ....157...93T/abstract target=ref>Trifonov et al. 2019</a>,K0 III-IV,5040.00,71.00,-85.00,0,6.430000,0.410000,-0.390000,0,1.910000,0.090000,-0.140000,0,0.0200,0.0400,-0.0400,0,[Fe/H],3.110000,0.070000,-0.070000,0,<a refstr=STASSUN_ET_AL__2019 href=https://ui.adsabs.harvard.edu/abs/2019AJ....158..138S/abstract target=ref>TICv8</a>,21h16m54.01s,319.2250346,+27d15m29.81s,27.2582799,188.54600000,1.58700000,-1.56200000,8.2300000,0.0300000,-0.0300000,5.8770000,0.0200000,-0.0200000,7.9592900,0.0003160,-0.0003160,2019-01-14,2019-03,2019-01-17
HD 202696 c,HD 202696,1,1,2,Radial Velocity,2019,W. M. Keck Observatory,Published Confirmed,0,<a refstr=TRIFONOV_ET_AL__2019 href=https://ui.adsabs.harvard.edu/abs/2019AJ....157...93T/abstract target=ref>Trifonov et al. 2019</a>,946.60000000000,20.70000000000,-20.90000000000,0,2.3420000000,0.0340000000,-0.0350000000,0,,,,,,,,,592.43512000,56.25591000,-72.14741000,-1,1.86400000,0.17700000,-0.22700000,-1,Mass,0.028000,0.065000,-0.012000,0,,,,,,,,,0,<a refstr=TRIFONOV_ET_AL__2019 href=https://ui.adsabs.harvard.edu/abs/2019AJ....157...93T/abstract target=ref>Trifonov et al. 2019</a>,K0 III-IV,5040.00,71.00,-85.00,0,6.430000,0.410000,-0.390000,0,1.910000,0.090000,-0.140000,0,0.0200,0.0400,-0.0400,0,[Fe/H],3.110000,0.070000,-0.070000,0,<a refstr=STASSUN_ET_AL__2019 href=https://ui.adsabs.harvard.edu/abs/2019AJ....158..138S/abstract target=ref>TICv8</a>,21h16m54.01s,319.2250346,+27d15m29.81s,27.2582799,188.54600000,1.58700000,-1.56200000,8.2300000,0.0300000,-0.0300000,5.8770000,0.0200000,-0.0200000,7.9592900,0.0003160,-0.0003160,2019-01-14,2019-03,2019-01-17
HD 202772 A b,HD 202772 A,0,2,1,Transit,2019,Transiting Exoplanet Survey Satellite (TESS),TESS Project Candidate,0,<a refstr=EXOFOP_TESS_TOI href=https://exofop.ipac.caltech.edu/tess/view_toi.php target=ref>ExoFOP-TESS TOI</a>,3.30889220000,0.00000710000,-0.00000710000,0,,,,,24.98620000,3.98163000,-3.98163000,0,2.22912330,0.35521785,-0.35521785,0,,,,,,,,,,,,,,17074.7000,,,0,3184.00,,,0,0,<a refstr=EXOFOP_TESS_TOI href=https://exofop.ipac.caltech.edu/tess/view_toi.php target=ref>ExoFOP-TESS TOI</a>,,6188.00,194.00,-194.00,0,2.620000,0.130000,-0.130000,0,,,,,,,,,,4.271660,2.005860,-2.005860,0,<a refstr=STASSUN_ET_AL__2019 href=https://ui.adsabs.harvard.edu/abs/2019AJ....158..138S/abstract target=ref>TICv8</a>,21h18m47.90s,319.6995877,-26d36m58.95s,-26.6163743,161.49800000,2.45900000,-2.38800000,8.3240000,0.0020000,-0.0020000,6.9590000,0.0240000,-0.0240000,8.2268800,0.0007350,-0.0007350,2023-12-04,2017-07,2023-12-04
HD 202772 A b,HD 202772 A,1,2,1,Transit,2019,Transiting Exoplanet Survey Satellite (TESS),Published Confirmed,0,<a refstr=WANG_ET_AL__2019 href=https://ui.adsabs.harvard.edu/abs/2019AJ....157...51W/abstract target=ref>Wang et al. 2019</a>,3.30895800000,0.00008300000,-0.00008300000,0,0.0520800000,0.0006400000,-0.0006800000,0,17.31790500,0.58286800,-0.67254000,0,1.54500000,0.05200000,-0.06000000,0,323.23311000,22.24810000,-21.61244000,0,1.01700000,0.07000000,-0.06800000,0,Mass,0.038000,0.042000,-0.027000,0,3440.0000,184.0000,-191.0000,0,2132.00,28.00,-30.00,0,0,<a refstr=WANG_ET_AL__2019 href=https://ui.adsabs.harvard.edu/abs/2019AJ....157...51W/abstract target=ref>Wang et al. 2019</a>,,6272.00,77.00,-71.00,0,2.591000,0.078000,-0.093000,0,1.720000,0.064000,-0.066000,0,0.3000,0.0600,-0.0600,0,[Fe/H],3.848000,0.030000,-0.027000,0,<a refstr=STASSUN_ET_AL__2019 href=https://ui.adsabs.harvard.edu/abs/2019AJ....158..138S/abstract target=ref>TICv8</a>,21h18m47.90s,319.6995877,-26d36m58.95s,-26.6163743,161.49800000,2.45900000,-2.38800000,8.3240000,0.0020000,-0.0020000,6.9590000,0.0240000,-0.0240000,8.2268800,0.0007350,-0.0007350,2019-01-28,2019-02,2019-01-31
HD 202772 A b,HD 202772 A,0,2,1,Transit,2019,Transiting Exoplanet Survey Satellite (TESS),Published Confirmed,0,<a refstr=KOKORI_ET_AL__2023 href=https://ui.adsabs.harvard.edu/abs/2023ApJS..265....4K/abstract target=ref>Kokori et al. 2023</a>,3.30887530000,0.00000140000,-0.00000140000,0,,,,,,,,,,,,,,,,,,,,,,0.040000,0.040000,-0.030000,0,,,,,,,,,0,<a refstr=WANG_ET_AL__2019 href=https://ui.adsabs.harvard.edu/abs/2019AJ....157...51W/abstract target=ref>Wang et al. 2019</a>,,6272.00,77.00,-71.00,0,2.591000,0.078000,-0.093000,0,1.720000,0.064000,-0.066000,0,0.3000,0.0600,-0.0600,0,[Fe/H],3.848000,0.030000,-0.027000,0,<a refstr=STASSUN_ET_AL__2019 href=https://ui.adsabs.harvard.edu/abs/2019AJ....158..138S/abstract target=ref>TICv8</a>,21h18m47.90s,319.6995877,-26d36m58.95s,-26.6163743,161.49800000,2.45900000,-2.38800000,8.3240000,0.0020000,-0.0020000,6.9590000,0.0240000,-0.0240000,8.2268800,0.0007350,-0.0007350,2024-03-04,2023-03,2024-03-04
HD 206255 b,HD 206255,1,1,1,Radial Velocity,2019,Las Campanas Observatory,Published Confirmed,0,<a refstr=FENG_ET_AL__2019 href=https://ui.adsabs.harvard.edu/abs/2019ApJS..242...25F/abstract target=ref>Feng et al. 2019</a>,96.04500000000,0.31700000000,-0.31700000000,0,0.4610000000,0.0090000000,-0.0090000000,0,,,,,,,,,34.20000000,7.10000000,-7.10000000,0,0.10760469,0.02233899,-0.02233899,0,Msini,0.230000,0.110000,-0.110000,0,,,,,,,,,0,<a refstr=FENG_ET_AL__2019 href=https://ui.adsabs.harvard.edu/abs/2019ApJS..242...25F/abstract target=ref>Feng et al. 2019</a>,G5 IV/V,5635.00,82.00,-99.00,0,,,,,1.420000,0.080000,-0.080000,0,,,,,,,,,,<a refstr=STASSUN_ET_AL__2019 href=https://ui.adsabs.harvard.edu/abs/2019AJ....158..138S/abstract target=ref>TICv8</a>,21h42m22.03s,325.5917768,-50d05m36.92s,-50.0935884,75.23630000,0.19950000,-0.19850000,7.6200000,0.0300000,-0.0300000,5.9790000,0.0200000,-0.0200000,7.4484900,0.0001990,-0.0001990,2019-05-20,2019-06,2019-05-23
HD 20781 b,HD 20781,1,2,5,Radial Velocity,2019,La Silla Observatory,Published Confirmed,0,<a refstr=UDRY_ET_AL__2019 href=https://ui.adsabs.harvard.edu/abs/2019A&A...622A..37U/abstract target=ref>Udry et al. 2019</a>,5.31350000000,0.00100000000,-0.00100000000,0,0.0529000000,0.0024000000,-0.0027000000,0,,,,,,,,,1.93000000,0.39000000,-0.36000000,0,0.00610000,0.00120000,-0.00110000,0,Msini,0.100000,0.110000,-0.070000,0,,,,,,,,,0,<a refstr=UDRY_ET_AL__2019 href=https://ui.adsabs.harvard.edu/abs/2019A&A...622A..37U/abstract target=ref>Udry et al. 2019</a>,K0 V,5256.00,29.00,-29.00,0,,,,,0.700000,,,0,-0.1100,0.0200,-0.0200,0,[Fe/H],4.370000,0.050000,-0.050000,0,<a refstr=STASSUN_ET_AL__2019 href=https://ui.adsabs.harvard.edu/abs/2019AJ....158..138S/abstract target=ref>TICv8</a>,03h20m03.35s,50.0139757,-28d47m02.82s,-28.7841175,35.97150000,0.05270000,-0.05260000,8.4800000,0.0300000,-0.0300000,6.5530000,0.0230000,-0.0230000,8.2372000,0.0002140,-0.0002140,2019-02-05,2019-02,2019-02-07
HD 20781 c,HD 20781,1,2,5,Radial Velocity,2019,La Silla Observatory,Published Confirmed,0,<a refstr=UDRY_ET_AL__2019 href=https://ui.adsabs.harvard.edu/abs/2019A&A...622A..37U/abstract target=ref>Udry et al. 2019</a>,13.89050000000,0.00330000000,-0.00340000000,0,0.1004000000,0.0046000000,-0.0051000000,0,,,,,,,,,5.33000000,0.70000000,-0.67000000,0,0.01680000,0.00220000,-0.00210000,0,Msini,0.090000,0.090000,-0.060000,0,,,,,,,,,0,<a refstr=UDRY_ET_AL__2019 href=https://ui.adsabs.harvard.edu/abs/2019A&A...622A..37U/abstract target=ref>Udry et al. 2019</a>,K0 V,5256.00,29.00,-29.00,0,,,,,0.700000,,,0,-0.1100,0.0200,-0.0200,0,[Fe/H],4.370000,0.050000,-0.050000,0,<a refstr=STASSUN_ET_AL__2019 href=https://ui.adsabs.harvard.edu/abs/2019AJ....158..138S/abstract target=ref>TICv8</a>,03h20m03.35s,50.0139757,-28d47m02.82s,-28.7841175,35.97150000,0.05270000,-0.05260000,8.4800000,0.0300000,-0.0300000,6.5530000,0.0230000,-0.0230000,8.2372000,0.0002140,-0.0002140,2019-02-05,2019-02,2019-02-07
HD 20781 d,HD 20781,1,2,5,Radial Velocity,2019,La Silla Observatory,Published Confirmed,0,<a refstr=UDRY_ET_AL__2019 href=https://ui.adsabs.harvard.edu/abs/2019A&A...622A..37U/abstract target=ref>Udry et al. 2019</a>,29.15800000000,0.01020000000,-0.01000000000,0,0.1647000000,0.0076000000,-0.0083000000,0,,,,,,,,,10.61000000,1.20000000,-1.19000000,0,0.03340000,0.00380000,-0.00370000,0,Msini,0.110000,0.050000,-0.060000,0,,,,,,,,,0,<a refstr=UDRY_ET_AL__2019 href=https://ui.adsabs.harvard.edu/abs/2019A&A...622A..37U/abstract target=ref>Udry et al. 2019</a>,K0 V,5256.00,29.00,-29.00,0,,,,,0.700000,,,0,-0.1100,0.0200,-0.0200,0,[Fe/H],4.370000,0.050000,-0.050000,0,<a refstr=STASSUN_ET_AL__2019 href=https://ui.adsabs.harvard.edu/abs/2019AJ....158..138S/abstract target=ref>TICv8</a>,03h20m03.35s,50.0139757,-28d47m02.82s,-28.7841175,35.97150000,0.05270000,-0.05260000,8.4800000,0.0300000,-0.0300000,6.5530000,0.0230000,-0.0230000,8.2372000,0.0002140,-0.0002140,2019-02-05,2019-02,2019-02-07
HD 20781 e,HD 20781,1,2,5,Radial Velocity,2019,La Silla Observatory,Published Confirmed,0,<a refstr=UDRY_ET_AL__2019 href=https://ui.adsabs.harvard.edu/abs/2019A&A...622A..37U/abstract target=ref>Udry et al. 2019</a>,85.50730000000,0.09830000000,-0.09470000000,0,0.3374000000,0.0155000000,-0.0170000000,0,,,,,,,,,14.03000000,1.56000000,-1.56000000,0,0.04420000,0.00490000,-0.00490000,0,Msini,0.060000,0.060000,-0.040000,0,,,,,,,,,0,<a refstr=UDRY_ET_AL__2019 href=https://ui.adsabs.harvard.edu/abs/2019A&A...622A..37U/abstract target=ref>Udry et al. 2019</a>,K0 V,5256.00,29.00,-29.00,0,,,,,0.700000,,,0,-0.1100,0.0200,-0.0200,0,[Fe/H],4.370000,0.050000,-0.050000,0,<a refstr=STASSUN_ET_AL__2019 href=https://ui.adsabs.harvard.edu/abs/2019AJ....158..138S/abstract target=ref>TICv8</a>,03h20m03.35s,50.0139757,-28d47m02.82s,-28.7841175,35.97150000,0.05270000,-0.05260000,8.4800000,0.0300000,-0.0300000,6.5530000,0.0230000,-0.0230000,8.2372000,0.0002140,-0.0002140,2019-02-05,2019-02,2019-02-07
HD 210193 b,HD 210193,1,1,1,Radial Velocity,2019,Las Campanas Observatory,Published Confirmed,0,<a refstr=FENG_ET_AL__2019 href=https://ui.adsabs.harvard.edu/abs/2019ApJS..242...25F/abstract target=ref>Feng et al. 2019</a>,649.91800000000,8.59900000000,-8.59900000000,0,1.4870000000,0.0310000000,-0.0310000000,0,,,,,,,,,153.10000000,23.30000000,-23.30000000,0,0.48170406,0.07330963,-0.07330963,0,Msini,0.240000,0.090000,-0.090000,0,,,,,,,,,0,<a refstr=FENG_ET_AL__2019 href=https://ui.adsabs.harvard.edu/abs/2019ApJS..242...25F/abstract target=ref>Feng et al. 2019</a>,G3 V,5790.00,38.00,-50.00,0,,,,,1.040000,0.060000,-0.060000,0,,,,,,,,,,<a refstr=STASSUN_ET_AL__2019 href=https://ui.adsabs.harvard.edu/abs/2019AJ....158..138S/abstract target=ref>TICv8</a>,22h09m34.83s,332.3951324,-41d13m30.74s,-41.2252050,42.20290000,0.07940000,-0.07920000,7.8300000,0.0300000,-0.0300000,6.3100000,0.0200000,-0.0200000,7.6687000,0.0001820,-0.0001820,2019-05-20,2019-06,2019-05-23
HD 211970 b,HD 211970,1,1,1,Radial Velocity,2019,Las Campanas Observatory,Published Confirmed,0,<a refstr=FENG_ET_AL__2019 href=https://ui.adsabs.harvard.edu/abs/2019ApJS..242...25F/abstract target=ref>Feng et al. 2019</a>,25.20100000000,0.02500000000,-0.02500000000,0,0.1430000000,0.0030000000,-0.0030000000,0,,,,,,,,,13.00000000,2.50000000,-2.50000000,0,0.04090237,0.00786584,-0.00786584,0,Msini,0.150000,0.100000,-0.100000,0,,,,,,,,,0,<a refstr=FENG_ET_AL__2019 href=https://ui.adsabs.harvard.edu/abs/2019ApJS..242...25F/abstract target=ref>Feng et al. 2019</a>,K7 V,4127.00,149.00,-94.00,0,,,,,0.610000,0.040000,-0.040000,0,,,,,,,,,,<a refstr=STASSUN_ET_AL__2019 href=https://ui.adsabs.harvard.edu/abs/2019AJ....158..138S/abstract target=ref>TICv8</a>,22h22m15.88s,335.5661579,-54d33m34.56s,-54.5596006,13.12770000,0.00690000,-0.00700000,10.2400000,0.0600000,-0.0600000,5.6630000,0.0210000,-0.0210000,8.4044400,0.0005340,-0.0005340,2019-05-20,2019-06,2019-05-23
HD 213885 b,HD 213885,1,1,2,Transit,2019,Transiting Exoplanet Survey Satellite (TESS),Published Confirmed,0,<a refstr=ESPINOZA_ET_AL__2020 href=https://ui.adsabs.harvard.edu/abs/2020MNRAS.491.2982E/abstract target=ref>Espinoza et al. 2020</a>,1.00803500000,0.00002100000,-0.00002000000,0,0.0201200000,0.0001500000,-0.0001200000,0,1.74500000,0.05100000,-0.05200000,0,0.15567847,0.00454992,-0.00463913,0,8.83000000,0.66000000,-0.65000000,0,0.02778215,0.00207658,-0.00204512,0,Mass,0.000000,,,0,,,,,2128.00,13.00,-14.00,0,0,<a refstr=ESPINOZA_ET_AL__2020 href=https://ui.adsabs.harvard.edu/abs/2020MNRAS.491.2982E/abstract target=ref>Espinoza et al. 2020</a>,G,5978.00,50.00,-50.00,0,1.101100,0.008000,-0.007500,0,1.068000,0.020000,-0.018000,0,-0.0400,0.0300,-0.0300,0,[Fe/H],4.382700,0.009500,-0.009700,0,<a refstr=STASSUN_ET_AL__2019 href=https://ui.adsabs.harvard.edu/abs/2019AJ....158..138S/abstract target=ref>TICv8</a>,22h35m56.09s,338.9837166,-59d51m53.38s,-59.8648290,48.08830000,0.09910000,-0.09870000,7.9500000,0.0300000,-0.0300000,6.4190000,0.0240000,-0.0240000,7.8017300,0.0002470,-0.0002470,2019-12-02,2020-01,2019-12-05
HD 213885 b,HD 213885,0,1,2,Transit,2019,Transiting Exoplanet Survey Satellite (TESS),TESS Project Candidate,0,<a refstr=EXOFOP_TESS_TOI href=https://exofop.ipac.caltech.edu/tess/view_toi.php target=ref>ExoFOP-TESS TOI</a>,1.00823610000,0.00000150000,-0.00000150000,0,,,,,1.72020000,0.09244580,-0.09244580,0,0.15346623,0.00824748,-0.00824748,0,,,,,,,,,,,,,,1882.9400,,,0,1835.00,,,0,0,<a refstr=EXOFOP_TESS_TOI href=https://exofop.ipac.caltech.edu/tess/view_toi.php target=ref>ExoFOP-TESS TOI</a>,,5795.29,44.58,-44.58,0,1.130000,0.050000,-0.050000,0,,,,,,,,,,4.438000,,,0,<a refstr=STASSUN_ET_AL__2019 href=https://ui.adsabs.harvard.edu/abs/2019AJ....158..138S/abstract target=ref>TICv8</a>,22h35m56.09s,338.9837166,-59d51m53.38s,-59.8648290,48.08830000,0.09910000,-0.09870000,7.9500000,0.0300000,-0.0300000,6.4190000,0.0240000,-0.0240000,7.8017300,0.0002470,-0.0002470,2023-12-04,2017-07,2023-12-04
HD 213885 c,HD 213885,1,1,2,Radial Velocity,2019,Multiple Observatories,Published Confirmed,0,<a refstr=ESPINOZA_ET_AL__2020 href=https://ui.adsabs.harvard.edu/abs/2020MNRAS.491.2982E/abstract target=ref>Espinoza et al. 2020</a>,4.78503000000,0.00056000000,-0.00051000000,0,0.0567980000,0.0004400000,-0.0003200000,0,,,,,,,,,19.95000000,1.38000000,-1.36000000,0,0.06276941,0.00434194,-0.00427902,0,Msini,0.000000,,,0,,,,,1265.40,7.30,-8.40,0,0,<a refstr=ESPINOZA_ET_AL__2020 href=https://ui.adsabs.harvard.edu/abs/2020MNRAS.491.2982E/abstract target=ref>Espinoza et al. 2020</a>,G,5978.00,50.00,-50.00,0,1.101100,0.008000,-0.007500,0,1.068000,0.020000,-0.018000,0,-0.0400,0.0300,-0.0300,0,[Fe/H],4.382700,0.009500,-0.009700,0,<a refstr=STASSUN_ET_AL__2019 href=https://ui.adsabs.harvard.edu/abs/2019AJ....158..138S/abstract target=ref>TICv8</a>,22h35m56.09s,338.9837166,-59d51m53.38s,-59.8648290,48.08830000,0.09910000,-0.09870000,7.9500000,0.0300000,-0.0300000,6.4190000,0.0240000,-0.0240000,7.8017300,0.0002470,-0.0002470,2019-12-02,2020-01,2019-12-05
HD 21411 b,HD 21411,1,1,1,Radial Velocity,2019,Las Campanas Observatory,Published Confirmed,0,<a refstr=FENG_ET_AL__2019 href=https://ui.adsabs.harvard.edu/abs/2019ApJS..242...25F/abstract target=ref>Feng et al. 2019</a>,84.28800000000,0.12700000000,-0.12700000000,0,0.3620000000,0.0070000000,-0.0070000000,0,,,,,,,,,65.90000000,25.60000000,-25.60000000,0,0.20734355,0.08054620,-0.08054620,0,Msini,0.400000,0.150000,-0.150000,0,,,,,,,,,0,<a refstr=FENG_ET_AL__2019 href=https://ui.adsabs.harvard.edu/abs/2019ApJS..242...25F/abstract target=ref>Feng et al. 2019</a>,G8 V,5605.00,247.00,-132.00,0,,,,,0.890000,0.050000,-0.050000,0,,,,,,,,,,<a refstr=STASSUN_ET_AL__2019 href=https://ui.adsabs.harvard.edu/abs/2019AJ....158..138S/abstract target=ref>TICv8</a>,03h26m11.38s,51.5474155,-30d37m00.63s,-30.6168403,29.13280000,0.03120000,-0.03120000,7.8800000,0.0300000,-0.0300000,6.1310000,0.0160000,-0.0160000,7.6818300,0.0001810,-0.0001810,2019-05-20,2019-06,2019-05-23
HD 21693 b,HD 21693,1,1,2,Radial Velocity,2019,La Silla Observatory,Published Confirmed,0,<a refstr=UDRY_ET_AL__2019 href=https://ui.adsabs.harvard.edu/abs/2019A&A...622A..37U/abstract target=ref>Udry et al. 2019</a>,22.67860000000,0.00850000000,-0.00870000000,0,0.1455000000,0.0058000000,-0.0063000000,0,,,,,,,,,8.23000000,1.08000000,-1.05000000,0,0.02590000,0.00340000,-0.00330000,0,Msini,0.120000,0.090000,-0.080000,0,,,,,,,,,0,<a refstr=UDRY_ET_AL__2019 href=https://ui.adsabs.harvard.edu/abs/2019A&A...622A..37U/abstract target=ref>Udry et al. 2019</a>,G8 V,5430.00,26.00,-26.00,0,,,,,0.800000,,,0,0.0000,0.0200,-0.0200,0,[Fe/H],4.370000,0.040000,-0.040000,0,<a refstr=STASSUN_ET_AL__2019 href=https://ui.adsabs.harvard.edu/abs/2019AJ....158..138S/abstract target=ref>TICv8</a>,03h27m12.97s,51.8040469,-58d19m23.78s,-58.3232726,33.25500000,0.03490000,-0.03480000,7.9500000,0.0300000,-0.0300000,6.1930000,0.0170000,-0.0170000,7.7570100,0.0001940,-0.0001940,2019-02-05,2019-02,2019-02-07
HD 21693 c,HD 21693,1,1,2,Radial Velocity,2019,La Silla Observatory,Published Confirmed,0,<a refstr=UDRY_ET_AL__2019 href=https://ui.adsabs.harvard.edu/abs/2019A&A...622A..37U/abstract target=ref>Udry et al. 2019</a>,53.73570000000,0.03120000000,-0.03090000000,0,0.2586000000,0.0103000000,-0.0113000000,0,,,,,,,,,17.37000000,1.77000000,-1.79000000,0,0.05470000,0.00560000,-0.00560000,0,Msini,0.070000,0.060000,-0.050000,0,,,,,,,,,0,<a refstr=UDRY_ET_AL__2019 href=https://ui.adsabs.harvard.edu/abs/2019A&A...622A..37U/abstract target=ref>Udry et al. 2019</a>,G8 V,5430.00,26.00,-26.00,0,,,,,0.800000,,,0,0.0000,0.0200,-0.0200,0,[Fe/H],4.370000,0.040000,-0.040000,0,<a refstr=STASSUN_ET_AL__2019 href=https://ui.adsabs.harvard.edu/abs/2019AJ....158..138S/abstract target=ref>TICv8</a>,03h27m12.97s,51.8040469,-58d19m23.78s,-58.3232726,33.25500000,0.03490000,-0.03480000,7.9500000,0.0300000,-0.0300000,6.1930000,0.0170000,-0.0170000,7.7570100,0.0001940,-0.0001940,2019-02-05,2019-02,2019-02-07
HD 21749 c,GJ 143,0,1,2,Transit,2019,Transiting Exoplanet Survey Satellite (TESS),TESS Project Candidate,0,<a refstr=EXOFOP_TESS_TOI href=https://exofop.ipac.caltech.edu/tess/view_toi.php target=ref>ExoFOP-TESS TOI</a>,7.78977260000,0.00001930000,-0.00001930000,0,,,,,1.00084000,0.10785400,-0.10785400,0,0.08928912,0.00962211,-0.00962211,0,,,,,,,,,,,,,,144.7650,,,0,966.00,,,0,0,<a refstr=EXOFOP_TESS_TOI href=https://exofop.ipac.caltech.edu/tess/view_toi.php target=ref>ExoFOP-TESS TOI</a>,,4628.53,91.92,-91.92,0,0.710000,0.060000,-0.060000,0,,,,,,,,,,4.322390,0.236802,-0.236802,0,<a refstr=STASSUN_ET_AL__2019 href=https://ui.adsabs.harvard.edu/abs/2019AJ....158..138S/abstract target=ref>TICv8</a>,03h27m00.05s,51.7501882,-63d30m00.60s,-63.5001660,16.32000000,0.00710000,-0.00710000,8.0800000,0.0300000,-0.0300000,5.3750000,0.0240000,-0.0240000,7.6790600,0.0002600,-0.0002600,2023-12-04,2017-07,2023-12-04
HD 21749 c,GJ 143,1,1,2,Transit,2019,Transiting Exoplanet Survey Satellite (TESS),Published Confirmed,0,<a refstr=DRAGOMIR_ET_AL__2019 href=https://ui.adsabs.harvard.edu/abs/2019ApJ...875L...7D/abstract target=ref>Dragomir et al. 2019</a>,7.78993000000,0.00051000000,-0.00044000000,0,0.0695000000,0.0021000000,-0.0023000000,0,0.89200000,0.06400000,-0.05800000,0,0.07957891,0.00570970,-0.00517441,0,3.70000000,,,1,0.01164144,,,1,Mass,,,,,,,,,701.00,25.00,-23.00,0,0,<a refstr=DRAGOMIR_ET_AL__2019 href=https://ui.adsabs.harvard.edu/abs/2019ApJ...875L...7D/abstract target=ref>Dragomir et al. 2019</a>,K4.5,4640.00,100.00,-100.00,0,0.695000,0.030000,-0.030000,0,0.730000,0.070000,-0.070000,0,0.0030,0.0600,-0.0600,0,[Fe/H],4.613000,0.052000,-0.061000,0,<a refstr=STASSUN_ET_AL__2019 href=https://ui.adsabs.harvard.edu/abs/2019AJ....158..138S/abstract target=ref>TICv8</a>,03h27m00.05s,51.7501882,-63d30m00.60s,-63.5001660,16.32000000,0.00710000,-0.00710000,8.0800000,0.0300000,-0.0300000,5.3750000,0.0240000,-0.0240000,7.6790600,0.0002600,-0.0002600,2019-04-22,2019-04,2019-04-25
HD 221416 b,HD 221416,0,1,1,Transit,2019,Transiting Exoplanet Survey Satellite (TESS),TESS Project Candidate,0,<a refstr=EXOFOP_TESS_TOI href=https://exofop.ipac.caltech.edu/tess/view_toi.php target=ref>ExoFOP-TESS TOI</a>,14.27812199624,0.00333877800,-0.00333877800,0,,,,,8.35660775,0.80521160,-0.80521160,0,0.74552789,0.07183629,-0.07183629,0,,,,,,,,,,,,,,91.6542,,,0,789.15,,,0,0,<a refstr=EXOFOP_TESS_TOI href=https://exofop.ipac.caltech.edu/tess/view_toi.php target=ref>ExoFOP-TESS TOI</a>,,5105.00,181.00,-181.00,0,2.903240,,,0,,,,,,,,,,3.391820,0.291381,-0.291381,0,<a refstr=STASSUN_ET_AL__2019 href=https://ui.adsabs.harvard.edu/abs/2019AJ....158..138S/abstract target=ref>TICv8</a>,23h32m07.96s,353.0331863,-21d48m04.32s,-21.8012007,95.54830000,0.73640000,-0.72540000,8.1500000,0.0300000,-0.0300000,6.0430000,0.0230000,-0.0230000,7.9077600,0.0006380,-0.0006380,2022-08-08,2017-07,2022-08-08
HD 221416 b,HD 221416,0,1,1,Transit,2019,Transiting Exoplanet Survey Satellite (TESS),Published Confirmed,0,<a refstr=PATEL__AMP__ESPINOZA_2022 href=https://ui.adsabs.harvard.edu/abs/2022AJ....163..228P/abstract target=ref>Patel &amp; Espinoza 2022</a>,14.27690000000,0.00100000000,-0.00110000000,0,,,,,,,,,,,,,,,,,,,,,,,,,,,,,,,,,,0,<a refstr=HUBER_ET_AL__2019 href=https://ui.adsabs.harvard.edu/abs/2019AJ....157..245H/abstract target=ref>Huber et al. 2019</a>,,5080.00,90.00,-90.00,0,2.943000,0.064000,-0.064000,0,1.212000,0.074000,-0.074000,0,-0.0800,0.0800,-0.0800,0,[Fe/H],3.584000,0.010000,-0.010000,0,<a refstr=STASSUN_ET_AL__2019 href=https://ui.adsabs.harvard.edu/abs/2019AJ....158..138S/abstract target=ref>TICv8</a>,23h32m07.96s,353.0331863,-21d48m04.32s,-21.8012007,95.54830000,0.73640000,-0.72540000,8.1500000,0.0300000,-0.0300000,6.0430000,0.0230000,-0.0230000,7.9077600,0.0006380,-0.0006380,2022-05-03,2022-05,2022-05-03
HD 221416 b,HD 221416,1,1,1,Transit,2019,Transiting Exoplanet Survey Satellite (TESS),Published Confirmed,0,<a refstr=HUBER_ET_AL__2019 href=https://ui.adsabs.harvard.edu/abs/2019AJ....157..245H/abstract target=ref>Huber et al. 2019</a>,14.27670000000,0.00370000000,-0.00370000000,0,0.1228000000,0.0025000000,-0.0026000000,0,9.17000000,0.34000000,-0.31000000,0,0.83600000,0.03100000,-0.02800000,0,60.50000000,5.70000000,-5.70000000,0,0.19000000,0.01800000,-0.01800000,0,Mass,0.115000,0.034000,-0.030000,0,,,,,,,,,0,<a refstr=HUBER_ET_AL__2019 href=https://ui.adsabs.harvard.edu/abs/2019AJ....157..245H/abstract target=ref>Huber et al. 2019</a>,,5080.00,90.00,-90.00,0,2.943000,0.064000,-0.064000,0,1.212000,0.074000,-0.074000,0,-0.0800,0.0800,-0.0800,0,[Fe/H],3.584000,0.010000,-0.010000,0,<a refstr=STASSUN_ET_AL__2019 href=https://ui.adsabs.harvard.edu/abs/2019AJ....158..138S/abstract target=ref>TICv8</a>,23h32m07.96s,353.0331863,-21d48m04.32s,-21.8012007,95.54830000,0.73640000,-0.72540000,8.1500000,0.0300000,-0.0300000,6.0430000,0.0230000,-0.0230000,7.9077600,0.0006380,-0.0006380,2019-04-16,2019-06,2019-04-18
HD 221420 b,HD 221420,1,1,1,Radial Velocity,2019,Anglo-Australian Telescope,Published Confirmed,0,<a refstr=VENNER_ET_AL__2021 href=https://ui.adsabs.harvard.edu/abs/2021AJ....162...12V/abstract target=ref>Venner et al. 2021</a>,10090.00000000000,890.00000000000,-560.00000000000,0,10.1500000000,0.5900000000,-0.3800000000,0,,,,,,,,,7278.27052030,699.22249540,-699.22249540,0,22.90000000,2.20000000,-2.20000000,0,Mass,0.140000,0.040000,-0.030000,0,,,,,,,,,0,<a refstr=VENNER_ET_AL__2021 href=https://ui.adsabs.harvard.edu/abs/2021AJ....162...12V/abstract target=ref>Venner et al. 2021</a>,G2 IV-V,5847.00,22.00,-22.00,0,1.947000,0.013000,-0.013000,0,1.351000,0.013000,-0.013000,0,0.3300,0.0200,-0.0200,0,[Fe/H],4.030000,0.030000,-0.030000,0,<a refstr=STASSUN_ET_AL__2019 href=https://ui.adsabs.harvard.edu/abs/2019AJ....158..138S/abstract target=ref>TICv8</a>,23h33m19.66s,353.3319001,-77d23m07.18s,-77.3853286,31.14150000,0.03760000,-0.03760000,5.8200000,0.0300000,-0.0300000,4.3060000,0.0360000,-0.0360000,5.6586200,0.0013644,-0.0013644,2021-07-26,2021-07,2021-07-26
HD 221420 b,HD 221420,0,1,1,Radial Velocity,2019,Anglo-Australian Telescope,Published Confirmed,0,<a refstr=FENG_ET_AL__2022 href=https://ui.adsabs.harvard.edu/abs/2022ApJS..262...21F/abstract target=ref>Feng et al. 2022</a>,8615.41549000000,279.48259000000,-191.17910000000,0,8.3980000000,0.4140000000,-0.3790000000,0,,,,,,,,,6467.80808245,631.20721630,-1090.46926442,0,20.35000000,1.98600000,-3.43100000,0,Mass,0.082000,0.015000,-0.015000,0,,,,,,,,,0,<a refstr=FENG_ET_AL__2022 href=https://ui.adsabs.harvard.edu/abs/2022ApJS..262...21F/abstract target=ref>Feng et al. 2022</a>,,,,,,,,,,1.060000,0.133000,-0.133000,0,,,,,,,,,,<a refstr=STASSUN_ET_AL__2019 href=https://ui.adsabs.harvard.edu/abs/2019AJ....158..138S/abstract target=ref>TICv8</a>,23h33m19.66s,353.3319001,-77d23m07.18s,-77.3853286,31.14150000,0.03760000,-0.03760000,5.8200000,0.0300000,-0.0300000,4.3060000,0.0360000,-0.0360000,5.6586200,0.0013644,-0.0013644,2023-06-12,2022-09,2023-06-12
HD 221420 b,HD 221420,0,1,1,Radial Velocity,2019,Anglo-Australian Telescope,Published Confirmed,0,<a refstr=LI_ET_AL__2021 href=https://ui.adsabs.harvard.edu/abs/2021AJ....162..266L/abstract target=ref>Li et al. 2021</a>,10120.00000000000,1100.00000000000,-910.00000000000,0,9.9900000000,0.7400000000,-0.7000000000,0,,,,,,,,,6547.26518420,635.65681400,-508.52545120,0,20.60000000,2.00000000,-1.60000000,0,Mass,0.162000,0.035000,-0.030000,0,,,,,,,,,0,<a refstr=LI_ET_AL__2021 href=https://ui.adsabs.harvard.edu/abs/2021AJ....162..266L/abstract target=ref>Li et al. 2021</a>,G2 V,,,,,,,,,1.280000,0.080000,-0.080000,0,0.3400,0.0700,-0.0700,0,[Fe/H],,,,,<a refstr=STASSUN_ET_AL__2019 href=https://ui.adsabs.harvard.edu/abs/2019AJ....158..138S/abstract target=ref>TICv8</a>,23h33m19.66s,353.3319001,-77d23m07.18s,-77.3853286,31.14150000,0.03760000,-0.03760000,5.8200000,0.0300000,-0.0300000,4.3060000,0.0360000,-0.0360000,5.6586200,0.0013644,-0.0013644,2022-06-27,2021-12,2022-06-27
HD 221420 b,HD 221420,0,1,1,Radial Velocity,2019,Anglo-Australian Telescope,Published Confirmed,0,<a refstr=PHILIPOT_ET_AL__2023 href=https://ui.adsabs.harvard.edu/abs/2023arXiv230805417P/abstract target=ref>Philipot et al. 2023</a>,10066.00000000000,929.00000000000,-1125.00000000000,0,10.1000000000,0.7000000000,-0.7000000000,0,,,,,,,,,6992.22495400,635.65681400,-635.65681400,0,22.00000000,2.00000000,-2.00000000,0,Mass,0.120000,0.040000,-0.030000,0,,,,,,,,,0,<a refstr=PHILIPOT_ET_AL__2023 href=https://ui.adsabs.harvard.edu/abs/2023arXiv230805417P/abstract target=ref>Philipot et al. 2023</a>,G1 V,,,,,,,,,1.340000,0.070000,-0.070000,0,,,,,,,,,,<a refstr=STASSUN_ET_AL__2019 href=https://ui.adsabs.harvard.edu/abs/2019AJ....158..138S/abstract target=ref>TICv8</a>,23h33m19.66s,353.3319001,-77d23m07.18s,-77.3853286,31.14150000,0.03760000,-0.03760000,5.8200000,0.0300000,-0.0300000,4.3060000,0.0360000,-0.0360000,5.6586200,0.0013644,-0.0013644,2023-09-05,2023-08,2023-09-05
HD 221420 b,HD 221420,0,1,1,Radial Velocity,2019,Anglo-Australian Telescope,Published Confirmed,0,<a refstr=KANE_ET_AL__2019 href=https://ui.adsabs.harvard.edu/abs/2019AJ....157..252K/abstract target=ref>Kane et al. 2019</a>,22482.00000000000,4200.00000000000,-4100.00000000000,0,18.5000000000,2.3000000000,-2.3000000000,0,,,,,,,,,3082.95100000,349.61300000,-317.83000000,0,9.70000000,1.10000000,-1.00000000,0,Msini,0.420000,0.050000,-0.070000,0,,,,,,,,,0,<a refstr=KANE_ET_AL__2019 href=https://ui.adsabs.harvard.edu/abs/2019AJ....157..252K/abstract target=ref>Kane et al. 2019</a>,,5830.00,44.00,-44.00,0,,,,,1.670000,0.110000,-0.110000,0,0.2900,0.0300,-0.0300,0,[Fe/H],4.080000,0.060000,-0.060000,0,<a refstr=STASSUN_ET_AL__2019 href=https://ui.adsabs.harvard.edu/abs/2019AJ....158..138S/abstract target=ref>TICv8</a>,23h33m19.66s,353.3319001,-77d23m07.18s,-77.3853286,31.14150000,0.03760000,-0.03760000,5.8200000,0.0300000,-0.0300000,4.3060000,0.0360000,-0.0360000,5.6586200,0.0013644,-0.0013644,2019-05-07,2019-06,2019-05-09
HD 23472 b,HD 23472,0,1,5,Transit,2019,Transiting Exoplanet Survey Satellite (TESS),Published Confirmed,0,<a refstr=TRIFONOV_ET_AL__2019 href=https://ui.adsabs.harvard.edu/abs/2019A&A...622L...7T/abstract target=ref>Trifonov et al. 2019</a>,17.66700000000,0.14200000000,-0.09500000000,0,0.1210000000,0.0010000000,-0.0010000000,0,1.87200000,1.32100000,-1.32100000,0,0.16700865,0.11785173,-0.11785173,0,17.92000000,1.41000000,-14.00000000,0,0.05638234,0.00443633,-0.04404871,0,Mass,0.000000,,,0,,,,,,,,,0,<a refstr=TRIFONOV_ET_AL__2019 href=https://ui.adsabs.harvard.edu/abs/2019A&A...622L...7T/abstract target=ref>Trifonov et al. 2019</a>,,,,,,0.730000,0.010000,-0.010000,0,0.750000,0.040000,-0.030000,0,,,,,,,,,,<a refstr=STASSUN_ET_AL__2019 href=https://ui.adsabs.harvard.edu/abs/2019AJ....158..138S/abstract target=ref>TICv8</a>,03h41m50.17s,55.4590314,-62d46m02.16s,-62.7672667,39.03410000,0.04010000,-0.04000000,9.7300000,0.0300000,-0.0300000,7.2070000,0.0230000,-0.0230000,9.3847600,0.0002270,-0.0002270,2020-10-30,2019-02,2020-11-05
HD 23472 b,HD 23472,1,1,5,Transit,2019,Transiting Exoplanet Survey Satellite (TESS),Published Confirmed,0,<a refstr=BARROS_ET_AL__2022 href=https://ui.adsabs.harvard.edu/abs/2022arXiv220913345B/abstract target=ref>Barros et al. 2022</a>,17.66708700000,0.00004200000,-0.00004200000,0,0.1162000000,0.0018000000,-0.0018000000,0,2.00000000,0.11000000,-0.10000000,0,0.17842836,0.00981356,-0.00892142,0,8.32000000,0.78000000,-0.79000000,0,0.02617765,0.00245415,-0.00248562,0,Mass,0.072000,0.039000,-0.040000,0,16.0000,1.8000,-1.6000,0,543.00,18.00,-18.00,0,0,<a refstr=BARROS_ET_AL__2022 href=https://ui.adsabs.harvard.edu/abs/2022arXiv220913345B/abstract target=ref>Barros et al. 2022</a>,K4 V,4684.00,99.00,-99.00,0,0.710000,0.020000,-0.020000,0,0.670000,0.030000,-0.030000,0,-0.2000,0.0500,-0.0500,0,[Fe/H],4.530000,0.080000,-0.080000,0,<a refstr=STASSUN_ET_AL__2019 href=https://ui.adsabs.harvard.edu/abs/2019AJ....158..138S/abstract target=ref>TICv8</a>,03h41m50.17s,55.4590314,-62d46m02.16s,-62.7672667,39.03410000,0.04010000,-0.04000000,9.7300000,0.0300000,-0.0300000,7.2070000,0.0230000,-0.0230000,9.3847600,0.0002270,-0.0002270,2022-10-03,2022-09,2022-10-03
HD 23472 b,HD 23472,0,1,5,Transit,2019,Transiting Exoplanet Survey Satellite (TESS),TESS Project Candidate,0,<a refstr=EXOFOP_TESS_TOI href=https://exofop.ipac.caltech.edu/tess/view_toi.php target=ref>ExoFOP-TESS TOI</a>,17.66716870000,0.00002920000,-0.00002920000,0,,,,,1.87042000,0.12665000,-0.12665000,0,0.16686798,0.01129898,-0.01129898,0,,,,,,,,,,,,,,7.6088,,,0,462.00,,,0,0,<a refstr=EXOFOP_TESS_TOI href=https://exofop.ipac.caltech.edu/tess/view_toi.php target=ref>ExoFOP-TESS TOI</a>,,4813.00,111.00,-111.00,0,0.690000,0.040000,-0.040000,0,,,,,,,,,,4.380000,0.210000,-0.210000,0,<a refstr=STASSUN_ET_AL__2019 href=https://ui.adsabs.harvard.edu/abs/2019AJ....158..138S/abstract target=ref>TICv8</a>,03h41m50.17s,55.4590314,-62d46m02.16s,-62.7672667,39.03410000,0.04010000,-0.04000000,9.7300000,0.0300000,-0.0300000,7.2070000,0.0230000,-0.0230000,9.3847600,0.0002270,-0.0002270,2023-12-04,2017-07,2023-12-04
HD 23472 c,HD 23472,1,1,5,Transit,2019,Transiting Exoplanet Survey Satellite (TESS),Published Confirmed,0,<a refstr=BARROS_ET_AL__2022 href=https://ui.adsabs.harvard.edu/abs/2022arXiv220913345B/abstract target=ref>Barros et al. 2022</a>,29.79749000000,0.00013000000,-0.00014000000,0,0.1646000000,0.0024000000,-0.0024000000,0,1.87000000,0.12000000,-0.11000000,0,0.16683051,0.01070570,-0.00981356,0,3.41000000,0.88000000,-0.81000000,0,0.01072906,0.00276879,-0.00254855,0,Mass,0.063000,0.054000,-0.043000,0,7.9600,0.8700,-0.7800,0,467.00,19.00,-18.00,0,0,<a refstr=BARROS_ET_AL__2022 href=https://ui.adsabs.harvard.edu/abs/2022arXiv220913345B/abstract target=ref>Barros et al. 2022</a>,K4 V,4684.00,99.00,-99.00,0,0.710000,0.020000,-0.020000,0,0.670000,0.030000,-0.030000,0,-0.2000,0.0500,-0.0500,0,[Fe/H],4.530000,0.080000,-0.080000,0,<a refstr=STASSUN_ET_AL__2019 href=https://ui.adsabs.harvard.edu/abs/2019AJ....158..138S/abstract target=ref>TICv8</a>,03h41m50.17s,55.4590314,-62d46m02.16s,-62.7672667,39.03410000,0.04010000,-0.04000000,9.7300000,0.0300000,-0.0300000,7.2070000,0.0230000,-0.0230000,9.3847600,0.0002270,-0.0002270,2022-10-03,2022-09,2022-10-03
HD 23472 c,HD 23472,0,1,5,Transit,2019,Transiting Exoplanet Survey Satellite (TESS),Published Confirmed,0,<a refstr=TRIFONOV_ET_AL__2019 href=https://ui.adsabs.harvard.edu/abs/2019A&A...622L...7T/abstract target=ref>Trifonov et al. 2019</a>,29.62500000000,0.22400000000,-0.17100000000,0,0.1700000000,0.0010000000,-0.0010000000,0,2.14900000,0.34500000,-0.34500000,0,0.19172094,0.03077884,-0.03077884,0,17.18000000,1.07000000,-13.77000000,0,0.05405405,0.00336658,-0.04332505,0,Mass,0.000000,,,0,,,,,,,,,0,<a refstr=TRIFONOV_ET_AL__2019 href=https://ui.adsabs.harvard.edu/abs/2019A&A...622L...7T/abstract target=ref>Trifonov et al. 2019</a>,,,,,,0.730000,0.010000,-0.010000,0,0.750000,0.040000,-0.030000,0,,,,,,,,,,<a refstr=STASSUN_ET_AL__2019 href=https://ui.adsabs.harvard.edu/abs/2019AJ....158..138S/abstract target=ref>TICv8</a>,03h41m50.17s,55.4590314,-62d46m02.16s,-62.7672667,39.03410000,0.04010000,-0.04000000,9.7300000,0.0300000,-0.0300000,7.2070000,0.0230000,-0.0230000,9.3847600,0.0002270,-0.0002270,2020-10-30,2019-02,2020-11-05
HD 23472 c,HD 23472,0,1,5,Transit,2019,Transiting Exoplanet Survey Satellite (TESS),TESS Project Candidate,0,<a refstr=EXOFOP_TESS_TOI href=https://exofop.ipac.caltech.edu/tess/view_toi.php target=ref>ExoFOP-TESS TOI</a>,29.79752050000,0.00008870000,-0.00008870000,0,,,,,1.60982000,0.11532100,-0.11532100,0,0.14361877,0.01028827,-0.01028827,0,,,,,,,,,,,,,,3.2713,,,0,374.00,,,0,0,<a refstr=EXOFOP_TESS_TOI href=https://exofop.ipac.caltech.edu/tess/view_toi.php target=ref>ExoFOP-TESS TOI</a>,,4813.00,111.00,-111.00,0,0.690000,0.040000,-0.040000,0,,,,,,,,,,4.380000,0.210000,-0.210000,0,<a refstr=STASSUN_ET_AL__2019 href=https://ui.adsabs.harvard.edu/abs/2019AJ....158..138S/abstract target=ref>TICv8</a>,03h41m50.17s,55.4590314,-62d46m02.16s,-62.7672667,39.03410000,0.04010000,-0.04000000,9.7300000,0.0300000,-0.0300000,7.2070000,0.0230000,-0.0230000,9.3847600,0.0002270,-0.0002270,2023-12-04,2017-07,2023-12-04
HD 24085 b,HD 24085,1,1,1,Radial Velocity,2019,Las Campanas Observatory,Published Confirmed,0,<a refstr=FENG_ET_AL__2019 href=https://ui.adsabs.harvard.edu/abs/2019ApJS..242...25F/abstract target=ref>Feng et al. 2019</a>,2.04550000000,0.00020000000,-0.00020000000,0,0.0340000000,0.0010000000,-0.0010000000,0,,,,,,,,,11.80000000,3.10000000,-3.10000000,0,0.03712677,0.00975364,-0.00975364,0,Msini,0.220000,0.120000,-0.120000,0,,,,,,,,,0,<a refstr=FENG_ET_AL__2019 href=https://ui.adsabs.harvard.edu/abs/2019ApJS..242...25F/abstract target=ref>Feng et al. 2019</a>,G0 V,6034.00,32.00,-53.00,0,,,,,1.220000,0.070000,-0.070000,0,,,,,,,,,,<a refstr=STASSUN_ET_AL__2019 href=https://ui.adsabs.harvard.edu/abs/2019AJ....158..138S/abstract target=ref>TICv8</a>,03h45m01.52s,56.2563447,-70d01m28.27s,-70.0245193,54.90040000,0.07450000,-0.07430000,7.5700000,0.0300000,-0.0300000,6.1720000,0.0170000,-0.0170000,7.4249600,0.0002440,-0.0002440,2019-05-20,2019-06,2019-05-23
HD 25015 b,HD 25015,1,1,1,Radial Velocity,2019,La Silla Observatory,Published Confirmed,0,<a refstr=FENG_ET_AL__2022 href=https://ui.adsabs.harvard.edu/abs/2022ApJS..262...21F/abstract target=ref>Feng et al. 2022</a>,6134.42700000000,618.42583000000,-506.67463000000,0,6.2480000000,0.4860000000,-0.4390000000,0,,,,,,,,,2884.92845034,367.72746690,-579.40118596,0,9.07700000,1.15700000,-1.82300000,0,Mass,0.341000,0.085000,-0.077000,0,,,,,,,,,0,<a refstr=FENG_ET_AL__2022 href=https://ui.adsabs.harvard.edu/abs/2022ApJS..262...21F/abstract target=ref>Feng et al. 2022</a>,,,,,,,,,,0.860000,0.101000,-0.101000,0,,,,,,,,,,<a refstr=STASSUN_ET_AL__2019 href=https://ui.adsabs.harvard.edu/abs/2019AJ....158..138S/abstract target=ref>TICv8</a>,03h57m44.05s,59.4335463,-20d16m02.40s,-20.2673347,37.43300000,0.06890000,-0.06870000,8.8700000,0.0300000,-0.0300000,6.8060000,0.0260000,-0.0260000,8.5987600,0.0006350,-0.0006350,2023-06-12,2022-09,2023-06-12
HD 25015 b,HD 25015,0,1,1,Radial Velocity,2019,La Silla Observatory,Published Confirmed,0,<a refstr=XIAO_ET_AL__2023 href=https://ui.adsabs.harvard.edu/abs/2023RAA....23e5022X/abstract target=ref>Xiao et al. 2023</a>,6360.00000000000,770.00000000000,-690.00000000000,0,6.4500000000,0.5200000000,-0.4700000000,0,,,,,,,,,2993.94359394,270.15414595,-247.90615746,0,9.42000000,0.85000000,-0.78000000,0,Mass,0.341000,0.086000,-0.080000,0,,,,,,,,,0,<a refstr=XIAO_ET_AL__2023 href=https://ui.adsabs.harvard.edu/abs/2023RAA....23e5022X/abstract target=ref>Xiao et al. 2023</a>,K2 V,5160.00,63.00,-63.00,0,,,,,0.860000,0.050000,-0.050000,0,0.0400,0.0400,-0.0400,0,[Fe/H],4.400000,0.140000,-0.140000,0,<a refstr=STASSUN_ET_AL__2019 href=https://ui.adsabs.harvard.edu/abs/2019AJ....158..138S/abstract target=ref>TICv8</a>,03h57m44.05s,59.4335463,-20d16m02.40s,-20.2673347,37.43300000,0.06890000,-0.06870000,8.8700000,0.0300000,-0.0300000,6.8060000,0.0260000,-0.0260000,8.5987600,0.0006350,-0.0006350,2023-06-12,2023-05,2023-06-12
HD 25015 b,HD 25015,0,1,1,Radial Velocity,2019,La Silla Observatory,Published Confirmed,0,<a refstr=RICKMAN_ET_AL__2019 href=https://ui.adsabs.harvard.edu/abs/2019A&A...625A..71R/abstract target=ref>Rickman et al. 2019</a>,6019.32000000000,679.36500000000,-262.98000000000,0,6.1900000000,0.4500000000,-0.2300000000,0,,,,,,,,,1423.87840000,95.34900000,-88.99240000,0,4.48000000,0.30000000,-0.28000000,0,Msini,0.390000,0.090000,-0.070000,0,,,,,,,,,0,<a refstr=RICKMAN_ET_AL__2019 href=https://ui.adsabs.harvard.edu/abs/2019A&A...625A..71R/abstract target=ref>Rickman et al. 2019</a>,K1 V,5160.00,63.00,-63.00,0,0.830000,0.040000,-0.040000,0,0.860000,0.050000,-0.050000,0,0.0400,0.0400,-0.0400,0,[Fe/H],4.400000,0.140000,-0.140000,0,<a refstr=STASSUN_ET_AL__2019 href=https://ui.adsabs.harvard.edu/abs/2019AJ....158..138S/abstract target=ref>TICv8</a>,03h57m44.05s,59.4335463,-20d16m02.40s,-20.2673347,37.43300000,0.06890000,-0.06870000,8.8700000,0.0300000,-0.0300000,6.8060000,0.0260000,-0.0260000,8.5987600,0.0006350,-0.0006350,2019-04-08,2019-05,2019-04-11
HD 2685 b,HD 2685,0,1,1,Transit,2019,Transiting Exoplanet Survey Satellite (TESS),Published Confirmed,0,<a refstr=PATEL__AMP__ESPINOZA_2022 href=https://ui.adsabs.harvard.edu/abs/2022AJ....163..228P/abstract target=ref>Patel &amp; Espinoza 2022</a>,4.12690470000,0.00000090000,-0.00000090000,0,,,,,,,,,,,,,,,,,,,,,,,,,,,,,,,,,,0,<a refstr=JONES_ET_AL__2019 href=https://ui.adsabs.harvard.edu/abs/2019A&A...625A..16J/abstract target=ref>Jones et al. 2019</a>,,6801.00,76.00,-76.00,0,1.560000,0.050000,-0.050000,0,1.430000,0.050000,-0.040000,0,0.0200,0.0600,-0.0600,0,[Fe/H],4.210000,0.030000,-0.030000,0,<a refstr=STASSUN_ET_AL__2019 href=https://ui.adsabs.harvard.edu/abs/2019AJ....158..138S/abstract target=ref>TICv8</a>,00h29m18.94s,7.3289156,-76d18m14.52s,-76.3040320,196.85200000,0.77700000,-0.77100000,9.5950000,0.0030000,-0.0030000,8.5950000,0.0190000,-0.0190000,9.5202500,0.0003180,-0.0003180,2022-05-03,2022-05,2022-05-03
HD 2685 b,HD 2685,1,1,1,Transit,2019,Transiting Exoplanet Survey Satellite (TESS),Published Confirmed,0,<a refstr=JONES_ET_AL__2019 href=https://ui.adsabs.harvard.edu/abs/2019A&A...625A..16J/abstract target=ref>Jones et al. 2019</a>,4.12688000000,0.00005000000,-0.00004000000,0,0.0568000000,0.0006000000,-0.0006000000,0,16.14096000,0.56045000,-0.56045000,0,1.44000000,0.05000000,-0.05000000,0,371.86110000,38.13960000,-38.13960000,0,1.17000000,0.12000000,-0.12000000,0,Mass,0.091000,0.039000,-0.047000,0,,,,,2061.00,28.00,-28.00,0,0,<a refstr=JONES_ET_AL__2019 href=https://ui.adsabs.harvard.edu/abs/2019A&A...625A..16J/abstract target=ref>Jones et al. 2019</a>,,6801.00,76.00,-76.00,0,1.560000,0.050000,-0.050000,0,1.430000,0.050000,-0.040000,0,0.0200,0.0600,-0.0600,0,[Fe/H],4.210000,0.030000,-0.030000,0,<a refstr=STASSUN_ET_AL__2019 href=https://ui.adsabs.harvard.edu/abs/2019AJ....158..138S/abstract target=ref>TICv8</a>,00h29m18.94s,7.3289156,-76d18m14.52s,-76.3040320,196.85200000,0.77700000,-0.77100000,9.5950000,0.0030000,-0.0030000,8.5950000,0.0190000,-0.0190000,9.5202500,0.0003180,-0.0003180,2019-10-18,2019-05,2019-10-24
HD 2685 b,HD 2685,0,1,1,Transit,2019,Transiting Exoplanet Survey Satellite (TESS),TESS Project Candidate,0,<a refstr=EXOFOP_TESS_TOI href=https://exofop.ipac.caltech.edu/tess/view_toi.php target=ref>ExoFOP-TESS TOI</a>,4.12690460000,0.00000080000,-0.00000080000,0,,,,,17.09520000,0.69803600,-0.69803600,0,1.52513422,0.06227471,-0.06227471,0,,,,,,,,,,,,,,1436.4900,,,0,1715.00,,,0,0,<a refstr=EXOFOP_TESS_TOI href=https://exofop.ipac.caltech.edu/tess/view_toi.php target=ref>ExoFOP-TESS TOI</a>,,6888.00,204.00,-204.00,0,1.590000,0.060000,-0.060000,0,,,,,,,,,,4.234160,0.355654,-0.355654,0,<a refstr=STASSUN_ET_AL__2019 href=https://ui.adsabs.harvard.edu/abs/2019AJ....158..138S/abstract target=ref>TICv8</a>,00h29m18.94s,7.3289156,-76d18m14.52s,-76.3040320,196.85200000,0.77700000,-0.77100000,9.5950000,0.0030000,-0.0030000,8.5950000,0.0190000,-0.0190000,9.5202500,0.0003180,-0.0003180,2023-12-04,2017-07,2023-12-04
HD 2685 b,HD 2685,0,1,1,Transit,2019,Transiting Exoplanet Survey Satellite (TESS),Published Confirmed,0,<a refstr=KOKORI_ET_AL__2023 href=https://ui.adsabs.harvard.edu/abs/2023ApJS..265....4K/abstract target=ref>Kokori et al. 2023</a>,4.12690520000,0.00000100000,-0.00000100000,0,,,,,,,,,,,,,,,,,,,,,,0.091000,0.039000,-0.047000,0,,,,,,,,,0,<a refstr=JONES_ET_AL__2019 href=https://ui.adsabs.harvard.edu/abs/2019A&A...625A..16J/abstract target=ref>Jones et al. 2019</a>,,6801.00,76.00,-76.00,0,1.560000,0.050000,-0.050000,0,1.430000,0.050000,-0.040000,0,0.0200,0.0600,-0.0600,0,[Fe/H],4.210000,0.030000,-0.030000,0,<a refstr=STASSUN_ET_AL__2019 href=https://ui.adsabs.harvard.edu/abs/2019AJ....158..138S/abstract target=ref>TICv8</a>,00h29m18.94s,7.3289156,-76d18m14.52s,-76.3040320,196.85200000,0.77700000,-0.77100000,9.5950000,0.0030000,-0.0030000,8.5950000,0.0190000,-0.0190000,9.5202500,0.0003180,-0.0003180,2024-03-04,2023-03,2024-03-04
HD 31527 b,HD 31527,1,1,3,Radial Velocity,2019,La Silla Observatory,Published Confirmed,0,<a refstr=UDRY_ET_AL__2019 href=https://ui.adsabs.harvard.edu/abs/2019A&A...622A..37U/abstract target=ref>Udry et al. 2019</a>,16.55350000000,0.00340000000,-0.00350000000,0,0.1254000000,0.0041000000,-0.0045000000,0,,,,,,,,,10.47000000,0.89000000,-0.87000000,0,0.03290000,0.00280000,-0.00280000,0,Msini,0.100000,0.050000,-0.050000,0,,,,,,,,,0,<a refstr=UDRY_ET_AL__2019 href=https://ui.adsabs.harvard.edu/abs/2019A&A...622A..37U/abstract target=ref>Udry et al. 2019</a>,G2 V,5898.00,13.00,-13.00,0,,,,,0.960000,,,0,-0.1700,0.0100,-0.0100,0,[Fe/H],4.450000,0.020000,-0.020000,0,<a refstr=STASSUN_ET_AL__2019 href=https://ui.adsabs.harvard.edu/abs/2019AJ....158..138S/abstract target=ref>TICv8</a>,04h55m38.31s,73.9096193,-23d14m28.74s,-23.2413163,38.44730000,0.04080000,-0.04080000,7.4900000,0.0300000,-0.0300000,6.0490000,0.0180000,-0.0180000,7.3322200,0.0001690,-0.0001690,2019-02-05,2019-02,2019-02-07
HD 31527 c,HD 31527,1,1,3,Radial Velocity,2019,La Silla Observatory,Published Confirmed,0,<a refstr=UDRY_ET_AL__2019 href=https://ui.adsabs.harvard.edu/abs/2019A&A...622A..37U/abstract target=ref>Udry et al. 2019</a>,51.20530000000,0.03730000000,-0.03680000000,0,0.2663000000,0.0088000000,-0.0095000000,0,,,,,,,,,14.16000000,1.28000000,-1.23000000,0,0.04450000,0.00400000,-0.00390000,0,Msini,0.040000,0.050000,-0.030000,0,,,,,,,,,0,<a refstr=UDRY_ET_AL__2019 href=https://ui.adsabs.harvard.edu/abs/2019A&A...622A..37U/abstract target=ref>Udry et al. 2019</a>,G2 V,5898.00,13.00,-13.00,0,,,,,0.960000,,,0,-0.1700,0.0100,-0.0100,0,[Fe/H],4.450000,0.020000,-0.020000,0,<a refstr=STASSUN_ET_AL__2019 href=https://ui.adsabs.harvard.edu/abs/2019AJ....158..138S/abstract target=ref>TICv8</a>,04h55m38.31s,73.9096193,-23d14m28.74s,-23.2413163,38.44730000,0.04080000,-0.04080000,7.4900000,0.0300000,-0.0300000,6.0490000,0.0180000,-0.0180000,7.3322200,0.0001690,-0.0001690,2019-02-05,2019-02,2019-02-07
HD 31527 d,HD 31527,1,1,3,Radial Velocity,2019,La Silla Observatory,Published Confirmed,0,<a refstr=UDRY_ET_AL__2019 href=https://ui.adsabs.harvard.edu/abs/2019A&A...622A..37U/abstract target=ref>Udry et al. 2019</a>,271.67370000000,2.11350000000,-2.24710000000,0,0.8098000000,0.0273000000,-0.0293000000,0,,,,,,,,,11.82000000,1.70000000,-1.64000000,0,0.03720000,0.00530000,-0.00520000,0,Msini,0.240000,0.130000,-0.130000,0,,,,,,,,,0,<a refstr=UDRY_ET_AL__2019 href=https://ui.adsabs.harvard.edu/abs/2019A&A...622A..37U/abstract target=ref>Udry et al. 2019</a>,G2 V,5898.00,13.00,-13.00,0,,,,,0.960000,,,0,-0.1700,0.0100,-0.0100,0,[Fe/H],4.450000,0.020000,-0.020000,0,<a refstr=STASSUN_ET_AL__2019 href=https://ui.adsabs.harvard.edu/abs/2019AJ....158..138S/abstract target=ref>TICv8</a>,04h55m38.31s,73.9096193,-23d14m28.74s,-23.2413163,38.44730000,0.04080000,-0.04080000,7.4900000,0.0300000,-0.0300000,6.0490000,0.0180000,-0.0180000,7.3322200,0.0001690,-0.0001690,2019-02-05,2019-02,2019-02-07
HD 39855 b,HD 39855,1,1,1,Radial Velocity,2019,Las Campanas Observatory,Published Confirmed,0,<a refstr=FENG_ET_AL__2019 href=https://ui.adsabs.harvard.edu/abs/2019ApJS..242...25F/abstract target=ref>Feng et al. 2019</a>,3.24980000000,0.00040000000,-0.00040000000,0,0.0410000000,0.0010000000,-0.0010000000,0,,,,,,,,,8.50000000,1.50000000,-1.50000000,0,0.02674386,0.00471950,-0.00471950,0,Msini,0.140000,0.110000,-0.110000,0,,,,,,,,,0,<a refstr=FENG_ET_AL__2019 href=https://ui.adsabs.harvard.edu/abs/2019ApJS..242...25F/abstract target=ref>Feng et al. 2019</a>,G8 V,5576.00,50.00,-46.00,0,,,,,0.870000,0.050000,-0.050000,0,,,,,,,,,,<a refstr=STASSUN_ET_AL__2019 href=https://ui.adsabs.harvard.edu/abs/2019AJ....158..138S/abstract target=ref>TICv8</a>,05h54m30.26s,88.6260731,-19d42m16.01s,-19.7044472,23.25990000,0.01880000,-0.01890000,7.5100000,0.0300000,-0.0300000,5.7560000,0.0260000,-0.0260000,7.3211300,0.0001800,-0.0001800,2019-05-20,2019-06,2019-05-23
HD 45184 b,HD 45184,0,1,2,Radial Velocity,2019,La Silla Observatory,Published Confirmed,0,<a refstr=ROSENTHAL_ET_AL__2021 href=https://ui.adsabs.harvard.edu/abs/2021ApJS..255....8R/abstract target=ref>Rosenthal et al. 2021</a>,5.88580000000,0.00026000000,-0.00025000000,0,0.0641000000,0.0011000000,-0.0011000000,0,,,,,,,,,11.91856526,1.27131363,-1.20774795,0,0.03750000,0.00400000,-0.00380000,0,Msini,0.180000,0.100000,-0.100000,0,,,,,,,,,0,<a refstr=ROSENTHAL_ET_AL__2021 href=https://ui.adsabs.harvard.edu/abs/2021ApJS..255....8R/abstract target=ref>Rosenthal et al. 2021</a>,,5820.13,94.85,-94.85,0,1.075139,0.024903,-0.024903,0,1.014904,0.050931,-0.050931,0,0.0422,0.0592,-0.0592,0,[Fe/H],4.379502,0.033474,-0.033474,0,<a refstr=STASSUN_ET_AL__2019 href=https://ui.adsabs.harvard.edu/abs/2019AJ....158..138S/abstract target=ref>TICv8</a>,06h24m43.68s,96.1820205,-28d46m50.30s,-28.7806402,21.95320000,0.01560000,-0.01550000,6.3830000,0.0050000,-0.0050000,4.8710000,0.0200000,-0.0200000,6.2103700,0.0005004,-0.0005004,2021-09-20,2021-07,2021-09-20
HD 45184 b,HD 45184,1,1,2,Radial Velocity,2019,La Silla Observatory,Published Confirmed,0,<a refstr=UDRY_ET_AL__2019 href=https://ui.adsabs.harvard.edu/abs/2019A&A...622A..37U/abstract target=ref>Udry et al. 2019</a>,5.88540000000,0.00030000000,-0.00030000000,0,0.0644000000,0.0020000000,-0.0021000000,0,,,,,,,,,12.19000000,1.06000000,-1.03000000,0,0.03840000,0.00330000,-0.00320000,0,Msini,0.070000,0.050000,-0.050000,0,,,,,,,,,0,<a refstr=UDRY_ET_AL__2019 href=https://ui.adsabs.harvard.edu/abs/2019A&A...622A..37U/abstract target=ref>Udry et al. 2019</a>,G1.5 V,5869.00,14.00,-14.00,0,,,,,1.030000,,,0,0.0400,0.0100,-0.0100,0,[Fe/H],4.470000,0.020000,-0.020000,0,<a refstr=STASSUN_ET_AL__2019 href=https://ui.adsabs.harvard.edu/abs/2019AJ....158..138S/abstract target=ref>TICv8</a>,06h24m43.68s,96.1820205,-28d46m50.30s,-28.7806402,21.95320000,0.01560000,-0.01550000,6.3830000,0.0050000,-0.0050000,4.8710000,0.0200000,-0.0200000,6.2103700,0.0005004,-0.0005004,2019-02-05,2019-02,2019-02-07
HD 45184 c,HD 45184,1,1,2,Radial Velocity,2019,La Silla Observatory,Published Confirmed,0,<a refstr=UDRY_ET_AL__2019 href=https://ui.adsabs.harvard.edu/abs/2019A&A...622A..37U/abstract target=ref>Udry et al. 2019</a>,13.13540000000,0.00260000000,-0.00250000000,0,0.1100000000,0.0034000000,-0.0036000000,0,,,,,,,,,8.81000000,1.09000000,-1.02000000,0,0.02770000,0.00340000,-0.00320000,0,Msini,0.070000,0.070000,-0.050000,0,,,,,,,,,0,<a refstr=UDRY_ET_AL__2019 href=https://ui.adsabs.harvard.edu/abs/2019A&A...622A..37U/abstract target=ref>Udry et al. 2019</a>,G1.5 V,5869.00,14.00,-14.00,0,,,,,1.030000,,,0,0.0400,0.0100,-0.0100,0,[Fe/H],4.470000,0.020000,-0.020000,0,<a refstr=STASSUN_ET_AL__2019 href=https://ui.adsabs.harvard.edu/abs/2019AJ....158..138S/abstract target=ref>TICv8</a>,06h24m43.68s,96.1820205,-28d46m50.30s,-28.7806402,21.95320000,0.01560000,-0.01550000,6.3830000,0.0050000,-0.0050000,4.8710000,0.0200000,-0.0200000,6.2103700,0.0005004,-0.0005004,2019-02-05,2019-02,2019-02-07
HD 45184 c,HD 45184,0,1,2,Radial Velocity,2019,La Silla Observatory,Published Confirmed,0,<a refstr=ROSENTHAL_ET_AL__2021 href=https://ui.adsabs.harvard.edu/abs/2021ApJS..255....8R/abstract target=ref>Rosenthal et al. 2021</a>,13.14070000000,0.00130000000,-0.00210000000,0,0.1095000000,0.0018000000,-0.0018000000,0,,,,,,,,,10.93329720,1.81162192,-1.84340476,0,0.03440000,0.00570000,-0.00580000,0,Msini,0.480000,0.180000,-0.240000,0,,,,,,,,,0,<a refstr=ROSENTHAL_ET_AL__2021 href=https://ui.adsabs.harvard.edu/abs/2021ApJS..255....8R/abstract target=ref>Rosenthal et al. 2021</a>,,5820.13,94.85,-94.85,0,1.075139,0.024903,-0.024903,0,1.014904,0.050931,-0.050931,0,0.0422,0.0592,-0.0592,0,[Fe/H],4.379502,0.033474,-0.033474,0,<a refstr=STASSUN_ET_AL__2019 href=https://ui.adsabs.harvard.edu/abs/2019AJ....158..138S/abstract target=ref>TICv8</a>,06h24m43.68s,96.1820205,-28d46m50.30s,-28.7806402,21.95320000,0.01560000,-0.01550000,6.3830000,0.0050000,-0.0050000,4.8710000,0.0200000,-0.0200000,6.2103700,0.0005004,-0.0005004,2021-09-20,2021-07,2021-09-20
HD 50499 c,HD 50499,0,1,2,Radial Velocity,2019,La Silla Observatory,Published Confirmed,0,<a refstr=ROSENTHAL_ET_AL__2021 href=https://ui.adsabs.harvard.edu/abs/2021ApJS..255....8R/abstract target=ref>Rosenthal et al. 2021</a>,10400.00000000000,3200.00000000000,-1300.00000000000,0,10.1000000000,2.0000000000,-0.8500000000,0,,,,,,,,,1010.69433426,200.23189641,-146.20106722,0,3.18000000,0.63000000,-0.46000000,0,Msini,0.241000,0.089000,-0.075000,0,,,,,,,,,0,<a refstr=ROSENTHAL_ET_AL__2021 href=https://ui.adsabs.harvard.edu/abs/2021ApJS..255....8R/abstract target=ref>Rosenthal et al. 2021</a>,,5978.10,103.67,-103.67,0,1.432954,0.033662,-0.033662,0,1.253184,0.034931,-0.034931,0,0.3047,0.0611,-0.0611,0,[Fe/H],4.222344,0.023580,-0.023580,0,<a refstr=STASSUN_ET_AL__2019 href=https://ui.adsabs.harvard.edu/abs/2019AJ....158..138S/abstract target=ref>TICv8</a>,06h52m01.94s,103.0080750,-33d54m54.96s,-33.9152670,46.28450000,0.05570000,-0.05550000,7.2100000,0.0300000,-0.0300000,5.8360000,0.0160000,-0.0160000,7.0564000,0.0002410,-0.0002410,2021-09-20,2021-07,2021-09-20
HD 50499 c,HD 50499,1,1,2,Radial Velocity,2019,La Silla Observatory,Published Confirmed,0,<a refstr=RICKMAN_ET_AL__2019 href=https://ui.adsabs.harvard.edu/abs/2019A&A...625A..71R/abstract target=ref>Rickman et al. 2019</a>,8619.90000000000,2622.49500000000,-405.42750000000,0,9.0200000000,1.7300000000,-0.3300000000,0,,,,,,,,,931.24190000,232.01590000,-57.20940000,0,2.93000000,0.73000000,-0.18000000,0,Msini,0.000000,0.140000,-0.020000,0,,,,,,,,,0,<a refstr=RICKMAN_ET_AL__2019 href=https://ui.adsabs.harvard.edu/abs/2019A&A...625A..71R/abstract target=ref>Rickman et al. 2019</a>,G1 V,6099.00,43.00,-43.00,0,1.420000,0.020000,-0.020000,0,1.310000,0.070000,-0.070000,0,0.3800,0.0300,-0.0300,0,[Fe/H],4.420000,0.050000,-0.050000,0,<a refstr=STASSUN_ET_AL__2019 href=https://ui.adsabs.harvard.edu/abs/2019AJ....158..138S/abstract target=ref>TICv8</a>,06h52m01.94s,103.0080750,-33d54m54.96s,-33.9152670,46.28450000,0.05570000,-0.05550000,7.2100000,0.0300000,-0.0300000,5.8360000,0.0160000,-0.0160000,7.0564000,0.0002410,-0.0002410,2019-04-08,2019-05,2019-04-11
HD 51608 b,HD 51608,1,1,2,Radial Velocity,2019,La Silla Observatory,Published Confirmed,0,<a refstr=UDRY_ET_AL__2019 href=https://ui.adsabs.harvard.edu/abs/2019A&A...622A..37U/abstract target=ref>Udry et al. 2019</a>,14.07260000000,0.00160000000,-0.00160000000,0,0.1059000000,0.0043000000,-0.0046000000,0,,,,,,,,,12.77000000,1.20000000,-1.19000000,0,0.04020000,0.00380000,-0.00370000,0,Msini,0.090000,0.040000,-0.040000,0,,,,,,,,,0,<a refstr=UDRY_ET_AL__2019 href=https://ui.adsabs.harvard.edu/abs/2019A&A...622A..37U/abstract target=ref>Udry et al. 2019</a>,G7 V,5358.00,22.00,-22.00,0,,,,,0.800000,,,0,-0.0700,0.0100,-0.0100,0,[Fe/H],4.360000,0.050000,-0.050000,0,<a refstr=STASSUN_ET_AL__2019 href=https://ui.adsabs.harvard.edu/abs/2019AJ....158..138S/abstract target=ref>TICv8</a>,06h54m51.29s,103.7137102,-55d15m36.07s,-55.2600189,35.05530000,0.03330000,-0.03310000,8.1700000,0.0300000,-0.0300000,6.3280000,0.0180000,-0.0180000,7.9605800,0.0002790,-0.0002790,2019-02-05,2019-02,2019-02-07
HD 51608 c,HD 51608,1,1,2,Radial Velocity,2019,La Silla Observatory,Published Confirmed,0,<a refstr=UDRY_ET_AL__2019 href=https://ui.adsabs.harvard.edu/abs/2019A&A...622A..37U/abstract target=ref>Udry et al. 2019</a>,95.94460000000,0.15550000000,-0.13660000000,0,0.3809000000,0.0153000000,-0.0164000000,0,,,,,,,,,14.31000000,1.63000000,-1.53000000,0,0.04500000,0.00510000,-0.00480000,0,Msini,0.140000,0.070000,-0.070000,0,,,,,,,,,0,<a refstr=UDRY_ET_AL__2019 href=https://ui.adsabs.harvard.edu/abs/2019A&A...622A..37U/abstract target=ref>Udry et al. 2019</a>,G7 V,5358.00,22.00,-22.00,0,,,,,0.800000,,,0,-0.0700,0.0100,-0.0100,0,[Fe/H],4.360000,0.050000,-0.050000,0,<a refstr=STASSUN_ET_AL__2019 href=https://ui.adsabs.harvard.edu/abs/2019AJ....158..138S/abstract target=ref>TICv8</a>,06h54m51.29s,103.7137102,-55d15m36.07s,-55.2600189,35.05530000,0.03330000,-0.03310000,8.1700000,0.0300000,-0.0300000,6.3280000,0.0180000,-0.0180000,7.9605800,0.0002790,-0.0002790,2019-02-05,2019-02,2019-02-07
HD 64114 b,HD 64114,1,1,1,Radial Velocity,2019,Las Campanas Observatory,Published Confirmed,0,<a refstr=FENG_ET_AL__2019 href=https://ui.adsabs.harvard.edu/abs/2019ApJS..242...25F/abstract target=ref>Feng et al. 2019</a>,45.79100000000,0.07000000000,-0.07000000000,0,0.2460000000,0.0050000000,-0.0050000000,0,,,,,,,,,17.80000000,3.50000000,-3.50000000,0,0.05600478,0.01101218,-0.01101218,0,Msini,0.120000,0.080000,-0.080000,0,,,,,,,,,0,<a refstr=FENG_ET_AL__2019 href=https://ui.adsabs.harvard.edu/abs/2019ApJS..242...25F/abstract target=ref>Feng et al. 2019</a>,G7 V,5676.00,32.00,-87.00,0,,,,,0.950000,0.050000,-0.050000,0,,,,,,,,,,<a refstr=STASSUN_ET_AL__2019 href=https://ui.adsabs.harvard.edu/abs/2019AJ....158..138S/abstract target=ref>TICv8</a>,07h51m55.81s,117.9825560,-11d02m01.40s,-11.0337221,31.52620000,0.04100000,-0.04090000,7.7100000,0.0300000,-0.0300000,6.0460000,0.0240000,-0.0240000,7.5258100,0.0002520,-0.0002520,2019-05-20,2019-06,2019-05-23
HD 8326 b,HD 8326,1,1,1,Radial Velocity,2019,Las Campanas Observatory,Published Confirmed,0,<a refstr=FENG_ET_AL__2019 href=https://ui.adsabs.harvard.edu/abs/2019ApJS..242...25F/abstract target=ref>Feng et al. 2019</a>,158.99100000000,1.44000000000,-1.44000000000,0,0.5330000000,0.0110000000,-0.0110000000,0,,,,,,,,,66.60000000,19.60000000,-19.60000000,0,0.20954598,0.06166819,-0.06166819,0,Msini,0.200000,0.110000,-0.110000,0,,,,,,,,,0,<a refstr=FENG_ET_AL__2019 href=https://ui.adsabs.harvard.edu/abs/2019ApJS..242...25F/abstract target=ref>Feng et al. 2019</a>,K2 V,4914.00,51.00,-32.00,0,,,,,0.800000,0.050000,-0.050000,0,,,,,,,,,,<a refstr=STASSUN_ET_AL__2019 href=https://ui.adsabs.harvard.edu/abs/2019AJ....158..138S/abstract target=ref>TICv8</a>,01h22m07.55s,20.5314418,-26d53m38.64s,-26.8940678,30.68620000,0.04420000,-0.04410000,8.7600000,0.0300000,-0.0300000,6.5040000,0.0200000,-0.0200000,8.4748700,0.0003650,-0.0003650,2019-05-20,2019-06,2019-05-23
HD 92788 c,HD 92788,1,1,2,Radial Velocity,2019,La Silla Observatory,Published Confirmed,0,<a refstr=RICKMAN_ET_AL__2019 href=https://ui.adsabs.harvard.edu/abs/2019A&A...625A..71R/abstract target=ref>Rickman et al. 2019</a>,11611.29750000000,5055.06000000000,-905.82000000000,0,10.5000000000,2.9000000000,-0.5500000000,0,,,,,,,,,1166.43610000,95.34900000,-79.45750000,0,3.67000000,0.30000000,-0.25000000,0,Msini,0.460000,0.120000,-0.030000,0,,,,,,,,,0,<a refstr=RICKMAN_ET_AL__2019 href=https://ui.adsabs.harvard.edu/abs/2019A&A...625A..71R/abstract target=ref>Rickman et al. 2019</a>,G6 V,5744.00,24.00,-24.00,0,1.140000,0.020000,-0.020000,0,1.150000,0.070000,-0.070000,0,0.2700,0.0200,-0.0200,0,[Fe/H],4.390000,0.040000,-0.040000,0,<a refstr=STASSUN_ET_AL__2019 href=https://ui.adsabs.harvard.edu/abs/2019AJ....158..138S/abstract target=ref>TICv8</a>,10h42m48.51s,160.7021351,-02d11m04.98s,-2.1847173,34.65380000,0.05970000,-0.05960000,7.3163700,0.0230000,-0.0230000,5.7210000,0.0200000,-0.0200000,7.1392900,0.0002930,-0.0002930,2019-04-08,2019-05,2019-04-11
HD 92788 c,HD 92788,0,1,2,Radial Velocity,2019,La Silla Observatory,Published Confirmed,0,<a refstr=ROSENTHAL_ET_AL__2021 href=https://ui.adsabs.harvard.edu/abs/2021ApJS..255....8R/abstract target=ref>Rosenthal et al. 2021</a>,8360.00000000000,540.00000000000,-390.00000000000,0,8.2600000000,0.3600000000,-0.2800000000,0,,,,,,,,,893.09782367,57.20911326,-54.03082919,0,2.81000000,0.18000000,-0.17000000,0,Msini,0.355000,0.057000,-0.052000,0,,,,,,,,,0,<a refstr=ROSENTHAL_ET_AL__2021 href=https://ui.adsabs.harvard.edu/abs/2021ApJS..255....8R/abstract target=ref>Rosenthal et al. 2021</a>,,5702.25,92.42,-92.42,0,1.161955,0.027366,-0.027366,0,1.075750,0.043966,-0.043966,0,0.2770,0.0613,-0.0613,0,[Fe/H],4.338021,0.030039,-0.030039,0,<a refstr=STASSUN_ET_AL__2019 href=https://ui.adsabs.harvard.edu/abs/2019AJ....158..138S/abstract target=ref>TICv8</a>,10h42m48.51s,160.7021351,-02d11m04.98s,-2.1847173,34.65380000,0.05970000,-0.05960000,7.3163700,0.0230000,-0.0230000,5.7210000,0.0200000,-0.0200000,7.1392900,0.0002930,-0.0002930,2021-09-20,2021-07,2021-09-20
HD 97048 b,HD 97048,1,1,1,Disk Kinematics,2019,Atacama Large Millimeter Array (ALMA),Published Confirmed,0,<a refstr=PINTE_ET_AL__2019 href=https://ui.adsabs.harvard.edu/abs/2019NatAs...3.1109P/abstract target=ref>Pinte et al. 2019</a>,,,,,130.0000000000,,,0,,,,,,,,,794.57500000,158.91500000,-158.91500000,0,2.50000000,0.50000000,-0.50000000,0,Mass,,,,,,,,,,,,,0,<a refstr=PINTE_ET_AL__2019 href=https://ui.adsabs.harvard.edu/abs/2019NatAs...3.1109P/abstract target=ref>Pinte et al. 2019</a>,Be9.5/AO,10000.00,,,0,2.250000,,,0,2.400000,,,0,,,,,,,,,,<a refstr=STASSUN_ET_AL__2019 href=https://ui.adsabs.harvard.edu/abs/2019AJ....158..138S/abstract target=ref>TICv8</a>,11h08m03.20s,167.0133422,-77d39m17.47s,-77.6548530,183.85700000,1.33100000,-1.31300000,8.4400000,0.0300000,-0.0300000,5.9410000,0.0290000,-0.0290000,8.3386700,0.0005750,-0.0005750,2019-10-18,2019-08,2019-10-24
HIP 35173 b,HIP 35173,1,1,1,Radial Velocity,2019,Las Campanas Observatory,Published Confirmed,0,<a refstr=FENG_ET_AL__2019 href=https://ui.adsabs.harvard.edu/abs/2019ApJS..242...25F/abstract target=ref>Feng et al. 2019</a>,41.51600000000,0.07700000000,-0.07700000000,0,0.2170000000,0.0040000000,-0.0040000000,0,,,,,,,,,12.70000000,2.70000000,-2.70000000,0,0.03995847,0.00849511,-0.00849511,0,Msini,0.160000,0.110000,-0.110000,0,,,,,,,,,0,<a refstr=FENG_ET_AL__2019 href=https://ui.adsabs.harvard.edu/abs/2019ApJS..242...25F/abstract target=ref>Feng et al. 2019</a>,K2 V,4881.00,55.00,-81.00,0,,,,,0.790000,0.050000,-0.050000,0,,,,,,,,,,<a refstr=STASSUN_ET_AL__2019 href=https://ui.adsabs.harvard.edu/abs/2019AJ....158..138S/abstract target=ref>TICv8</a>,07h16m10.78s,109.0449329,-03d39m58.06s,-3.6661273,33.15620000,0.06410000,-0.06380000,9.0100000,0.0300000,-0.0300000,6.6740000,0.0260000,-0.0260000,8.7082900,0.0003560,-0.0003560,2019-05-20,2019-06,2019-05-23
HIP 54373 b,HIP 54373,1,1,2,Radial Velocity,2019,Las Campanas Observatory,Published Confirmed,0,<a refstr=FENG_ET_AL__2019 href=https://ui.adsabs.harvard.edu/abs/2019ApJS..242...25F/abstract target=ref>Feng et al. 2019</a>,7.76000000000,0.00300000000,-0.00300000000,0,0.0630000000,0.0010000000,-0.0010000000,0,,,,,,,,,8.62000000,1.84000000,-1.84000000,0,0.02712142,0.00578926,-0.00578926,0,Msini,0.200000,0.110000,-0.110000,0,,,,,,,,,0,<a refstr=FENG_ET_AL__2019 href=https://ui.adsabs.harvard.edu/abs/2019ApJS..242...25F/abstract target=ref>Feng et al. 2019</a>,K5 V,4021.00,226.00,-146.00,0,,,,,0.570000,0.030000,-0.030000,0,,,,,,,,,,<a refstr=STASSUN_ET_AL__2019 href=https://ui.adsabs.harvard.edu/abs/2019AJ....158..138S/abstract target=ref>TICv8</a>,11h07m27.44s,166.8643532,-19d17m30.07s,-19.2916857,18.71680000,0.01640000,-0.01640000,10.3800000,0.1000000,-0.1000000,6.6200000,0.0200000,-0.0200000,9.6407600,0.0004020,-0.0004020,2019-05-20,2019-06,2019-05-23
HIP 54373 c,HIP 54373,1,1,2,Radial Velocity,2019,Las Campanas Observatory,Published Confirmed,0,<a refstr=FENG_ET_AL__2019 href=https://ui.adsabs.harvard.edu/abs/2019ApJS..242...25F/abstract target=ref>Feng et al. 2019</a>,15.14400000000,0.00800000000,-0.00800000000,0,0.0990000000,0.0020000000,-0.0020000000,0,,,,,,,,,12.44000000,2.11000000,-2.11000000,0,0.03914042,0.00663877,-0.00663877,0,Msini,0.200000,0.120000,-0.120000,0,,,,,,,,,0,<a refstr=FENG_ET_AL__2019 href=https://ui.adsabs.harvard.edu/abs/2019ApJS..242...25F/abstract target=ref>Feng et al. 2019</a>,K5 V,4021.00,226.00,-146.00,0,,,,,0.570000,0.030000,-0.030000,0,,,,,,,,,,<a refstr=STASSUN_ET_AL__2019 href=https://ui.adsabs.harvard.edu/abs/2019AJ....158..138S/abstract target=ref>TICv8</a>,11h07m27.44s,166.8643532,-19d17m30.07s,-19.2916857,18.71680000,0.01640000,-0.01640000,10.3800000,0.1000000,-0.1000000,6.6200000,0.0200000,-0.0200000,9.6407600,0.0004020,-0.0004020,2019-05-20,2019-06,2019-05-23
HIP 71135 b,HIP 71135,1,1,1,Radial Velocity,2019,Las Campanas Observatory,Published Confirmed,0,<a refstr=FENG_ET_AL__2019 href=https://ui.adsabs.harvard.edu/abs/2019ApJS..242...25F/abstract target=ref>Feng et al. 2019</a>,87.19000000000,0.38100000000,-0.38100000000,0,0.3350000000,0.0070000000,-0.0070000000,0,,,,,,,,,18.80000000,4.10000000,-4.10000000,0,0.05915112,0.01289998,-0.01289998,0,Msini,0.210000,0.130000,-0.130000,0,,,,,,,,,0,<a refstr=FENG_ET_AL__2019 href=https://ui.adsabs.harvard.edu/abs/2019ApJS..242...25F/abstract target=ref>Feng et al. 2019</a>,M1,4146.00,107.00,-110.00,0,,,,,0.660000,0.040000,-0.040000,0,,,,,,,,,,<a refstr=STASSUN_ET_AL__2019 href=https://ui.adsabs.harvard.edu/abs/2019AJ....158..138S/abstract target=ref>TICv8</a>,14h32m51.79s,218.2158073,-52d38m47.31s,-52.6464757,32.33110000,0.05210000,-0.05190000,10.5300000,0.0300000,-0.0300000,7.2420000,0.0210000,-0.0210000,9.9583500,0.0004610,-0.0004610,2019-05-20,2019-06,2019-05-23
HIP 79098 AB b,HIP 79098 AB,1,2,1,Imaging,2019,Paranal Observatory,Published Confirmed,0,<a refstr=JANSON_ET_AL__2019 href=https://ui.adsabs.harvard.edu/abs/2019A&A...626A..99J/abstract target=ref>Janson et al. 2019</a>,,,,,345.0000000000,6.0000000000,-6.0000000000,0,,,,,,,,,6515.51500000,1430.23500000,-1430.23500000,0,20.50000000,4.50000000,-4.50000000,0,Mass,,,,,,,,,2450.00,150.00,-150.00,0,0,<a refstr=JANSON_ET_AL__2019 href=https://ui.adsabs.harvard.edu/abs/2019A&A...626A..99J/abstract target=ref>Janson et al. 2019</a>,,,,,,,,,,3.750000,1.250000,-1.250000,0,,,,,,,,,,<a refstr=STASSUN_ET_AL__2019 href=https://ui.adsabs.harvard.edu/abs/2019AJ....158..138S/abstract target=ref>TICv8</a>,16h08m43.71s,242.1821202,-23d41m07.89s,-23.6855244,145.79800000,2.56200000,-2.47600000,5.8600000,0.0300000,-0.0300000,5.7070000,0.0180000,-0.0180000,5.8387100,0.0008369,-0.0008369,2019-07-03,2019-06,2019-07-11
HR 5183 b,HR 5183,1,2,1,Radial Velocity,2019,Multiple Observatories,Published Confirmed,0,<a refstr=BLUNT_ET_AL__2019 href=https://ui.adsabs.harvard.edu/abs/2019AJ....158..181B/abstract target=ref>Blunt et al. 2019</a>,27000.00000000000,16000.00000000000,-8000.00000000000,0,18.0000000000,6.0000000000,-4.0000000000,0,,,,,,,,,1026.59090000,47.67450000,-44.49620000,0,3.23000000,0.15000000,-0.14000000,0,Msini,0.840000,0.040000,-0.040000,0,,,,,171.00,5.20,-5.10,0,0,<a refstr=BLUNT_ET_AL__2019 href=https://ui.adsabs.harvard.edu/abs/2019AJ....158..181B/abstract target=ref>Blunt et al. 2019</a>,,5794.00,100.00,-100.00,0,1.530000,0.060000,-0.050000,0,1.070000,0.040000,-0.040000,0,0.1000,0.0600,-0.0600,0,[Fe/H],4.020000,0.100000,-0.100000,0,<a refstr=STASSUN_ET_AL__2019 href=https://ui.adsabs.harvard.edu/abs/2019AJ....158..138S/abstract target=ref>TICv8</a>,13h46m56.59s,206.7357992,+06d20m59.64s,6.3498994,31.46070000,0.03900000,-0.03890000,6.3343200,0.0230000,-0.0230000,4.8510000,0.0210000,-0.0210000,6.1746400,0.0005380,-0.0005380,2019-09-23,2019-11,2019-09-26
HR 5183 b,HR 5183,0,2,1,Radial Velocity,2019,Multiple Observatories,Published Confirmed,0,<a refstr=ROSENTHAL_ET_AL__2021 href=https://ui.adsabs.harvard.edu/abs/2021ApJS..255....8R/abstract target=ref>Rosenthal et al. 2021</a>,43000.00000000000,57000.00000000000,-19000.00000000000,0,25.0000000000,19.0000000000,-8.3000000000,0,,,,,,,,,1004.33776612,57.20911326,-57.20911326,0,3.16000000,0.18000000,-0.18000000,0,Msini,0.886000,0.049000,-0.056000,0,,,,,,,,,0,<a refstr=ROSENTHAL_ET_AL__2021 href=https://ui.adsabs.harvard.edu/abs/2021ApJS..255....8R/abstract target=ref>Rosenthal et al. 2021</a>,,5833.80,99.91,-99.91,0,1.555268,0.036938,-0.036938,0,1.099514,0.065698,-0.065698,0,0.1014,0.0628,-0.0628,0,[Fe/H],4.096402,0.033995,-0.033995,0,<a refstr=STASSUN_ET_AL__2019 href=https://ui.adsabs.harvard.edu/abs/2019AJ....158..138S/abstract target=ref>TICv8</a>,13h46m56.59s,206.7357992,+06d20m59.64s,6.3498994,31.46070000,0.03900000,-0.03890000,6.3343200,0.0230000,-0.0230000,4.8510000,0.0210000,-0.0210000,6.1746400,0.0005380,-0.0005380,2021-09-20,2021-07,2021-09-20
HR 5183 b,HR 5183,0,2,1,Radial Velocity,2019,Multiple Observatories,Published Confirmed,0,<a refstr=XIAO_ET_AL__2023 href=https://ui.adsabs.harvard.edu/abs/2023RAA....23e5022X/abstract target=ref>Xiao et al. 2023</a>,38350.00000000000,21200.00000000000,-12100.00000000000,0,22.8000000000,7.8000000000,-5.1000000000,0,,,,,,,,,1052.01202717,50.85254512,-38.13940884,0,3.31000000,0.16000000,-0.12000000,0,Mass,0.875000,0.032000,-0.037000,0,,,,,,,,,0,<a refstr=XIAO_ET_AL__2023 href=https://ui.adsabs.harvard.edu/abs/2023RAA....23e5022X/abstract target=ref>Xiao et al. 2023</a>,G0 V,5794.00,100.00,-100.00,0,,,,,1.070000,0.040000,-0.040000,0,0.1000,0.0600,-0.0600,0,[Fe/H],4.020000,0.100000,-0.100000,0,<a refstr=STASSUN_ET_AL__2019 href=https://ui.adsabs.harvard.edu/abs/2019AJ....158..138S/abstract target=ref>TICv8</a>,13h46m56.59s,206.7357992,+06d20m59.64s,6.3498994,31.46070000,0.03900000,-0.03890000,6.3343200,0.0230000,-0.0230000,4.8510000,0.0210000,-0.0210000,6.1746400,0.0005380,-0.0005380,2023-06-12,2023-05,2023-06-12
HR 858 b,HR 858,0,2,3,Transit,2019,Transiting Exoplanet Survey Satellite (TESS),Published Confirmed,0,<a refstr=VANDERBURG_ET_AL__2019 href=https://ui.adsabs.harvard.edu/abs/2019ApJ...881L..19V/abstract target=ref>Vanderburg et al. 2019</a>,3.58599000000,0.00015000000,-0.00015000000,0,0.0480000000,0.0010000000,-0.0011000000,0,2.08500000,0.06800000,-0.06400000,0,0.18601124,0.00606655,-0.00570970,0,,,,,,,,,,0.300000,,,1,989.7000,62.5000,-55.8000,0,1572.00,22.00,-19.00,0,1,<a refstr=VANDERBURG_ET_AL__2019 href=https://ui.adsabs.harvard.edu/abs/2019ApJ...881L..19V/abstract target=ref>Vanderburg et al. 2019</a>,,6201.00,50.00,-50.00,0,1.310000,0.024000,-0.022000,0,1.145000,0.074000,-0.080000,0,-0.1400,0.0800,-0.0800,0,[Fe/H],4.262000,0.032000,-0.036000,0,<a refstr=STASSUN_ET_AL__2019 href=https://ui.adsabs.harvard.edu/abs/2019AJ....158..138S/abstract target=ref>TICv8</a>,02h51m56.39s,42.9849779,-30d48m50.62s,-30.8140609,31.96400000,0.07220000,-0.07200000,6.3800000,0.0300000,-0.0300000,5.1490000,0.0200000,-0.0200000,6.2527600,0.0004263,-0.0004263,2019-07-19,2019-08,2019-07-25
HR 858 b,HR 858,1,2,3,Transit,2019,Transiting Exoplanet Survey Satellite (TESS),Published Confirmed,0,<a refstr=BONFANTI_ET_AL__2025 href=https://ui.adsabs.harvard.edu/abs/2025A&A...693A..90B/abstract target=ref>Bonfanti et al. 2025</a>,3.58528700000,0.00000900000,-0.00001200000,0,0.0488800000,0.0006600000,-0.0006600000,0,2.00400000,0.04500000,-0.04700000,0,0.17878521,0.00401464,-0.00419307,0,3.55000000,0.94000000,-0.96000000,0,0.01116955,0.00295757,-0.00302050,0,Mass,0.000000,,,0,,,,,1552.00,22.00,-23.00,0,1,<a refstr=BONFANTI_ET_AL__2025 href=https://ui.adsabs.harvard.edu/abs/2025A&A...693A..90B/abstract target=ref>Bonfanti et al. 2025</a>,,6354.00,70.00,-70.00,0,1.258000,0.019000,-0.019000,0,1.204000,0.052000,-0.052000,0,0.0250,0.0500,-0.0500,0,[Fe/H],4.300000,0.060000,-0.060000,0,<a refstr=STASSUN_ET_AL__2019 href=https://ui.adsabs.harvard.edu/abs/2019AJ....158..138S/abstract target=ref>TICv8</a>,02h51m56.39s,42.9849779,-30d48m50.62s,-30.8140609,31.96400000,0.07220000,-0.07200000,6.3800000,0.0300000,-0.0300000,5.1490000,0.0200000,-0.0200000,6.2527600,0.0004263,-0.0004263,2025-03-03,2025-01,2025-03-03
HR 858 b,HR 858,0,2,3,Transit,2019,Transiting Exoplanet Survey Satellite (TESS),TESS Project Candidate,0,<a refstr=EXOFOP_TESS_TOI href=https://exofop.ipac.caltech.edu/tess/view_toi.php target=ref>ExoFOP-TESS TOI</a>,3.58529000000,0.00001000000,-0.00001000000,0,,,,,1.77141000,0.09384010,-0.09384010,0,0.15803489,0.00837187,-0.00837187,0,,,,,,,,,,,,,,646.6280,,,0,1404.00,,,0,1,<a refstr=EXOFOP_TESS_TOI href=https://exofop.ipac.caltech.edu/tess/view_toi.php target=ref>ExoFOP-TESS TOI</a>,,6308.31,52.75,-52.75,0,1.280000,0.050000,-0.050000,0,,,,,,,,,,4.438000,,,0,<a refstr=STASSUN_ET_AL__2019 href=https://ui.adsabs.harvard.edu/abs/2019AJ....158..138S/abstract target=ref>TICv8</a>,02h51m56.39s,42.9849779,-30d48m50.62s,-30.8140609,31.96400000,0.07220000,-0.07200000,6.3800000,0.0300000,-0.0300000,5.1490000,0.0200000,-0.0200000,6.2527600,0.0004263,-0.0004263,2022-08-09,2017-07,2022-08-09
HR 858 c,HR 858,0,2,3,Transit,2019,Transiting Exoplanet Survey Satellite (TESS),Published Confirmed,0,<a refstr=VANDERBURG_ET_AL__2019 href=https://ui.adsabs.harvard.edu/abs/2019ApJ...881L..19V/abstract target=ref>Vanderburg et al. 2019</a>,5.97293000000,0.00060000000,-0.00053000000,0,0.0674000000,0.0014000000,-0.0016000000,0,1.93900000,0.06900000,-0.06900000,0,0.17298599,0.00615577,-0.00615577,0,,,,,,,,,,0.190000,,,1,512.0000,29.0000,-26.0000,0,1326.00,18.00,-16.00,0,1,<a refstr=VANDERBURG_ET_AL__2019 href=https://ui.adsabs.harvard.edu/abs/2019ApJ...881L..19V/abstract target=ref>Vanderburg et al. 2019</a>,,6201.00,50.00,-50.00,0,1.310000,0.024000,-0.022000,0,1.145000,0.074000,-0.080000,0,-0.1400,0.0800,-0.0800,0,[Fe/H],4.262000,0.032000,-0.036000,0,<a refstr=STASSUN_ET_AL__2019 href=https://ui.adsabs.harvard.edu/abs/2019AJ....158..138S/abstract target=ref>TICv8</a>,02h51m56.39s,42.9849779,-30d48m50.62s,-30.8140609,31.96400000,0.07220000,-0.07200000,6.3800000,0.0300000,-0.0300000,5.1490000,0.0200000,-0.0200000,6.2527600,0.0004263,-0.0004263,2019-07-19,2019-08,2019-07-25
HR 858 c,HR 858,0,2,3,Transit,2019,Transiting Exoplanet Survey Satellite (TESS),TESS Project Candidate,0,<a refstr=EXOFOP_TESS_TOI href=https://exofop.ipac.caltech.edu/tess/view_toi.php target=ref>ExoFOP-TESS TOI</a>,5.97391244881,0.00001866318,-0.00001866318,0,,,,,2.39177347,0.12332954,-0.12332954,0,0.21338010,0.01100274,-0.01100274,0,,,,,,,,,,,,,,488.0089,,,0,1198.74,,,0,1,<a refstr=EXOFOP_TESS_TOI href=https://exofop.ipac.caltech.edu/tess/view_toi.php target=ref>ExoFOP-TESS TOI</a>,,6308.31,52.75,-52.75,0,1.284500,0.053925,-0.053925,0,,,,,,,,,,4.438000,,,0,<a refstr=STASSUN_ET_AL__2019 href=https://ui.adsabs.harvard.edu/abs/2019AJ....158..138S/abstract target=ref>TICv8</a>,02h51m56.39s,42.9849779,-30d48m50.62s,-30.8140609,31.96400000,0.07220000,-0.07200000,6.3800000,0.0300000,-0.0300000,5.1490000,0.0200000,-0.0200000,6.2527600,0.0004263,-0.0004263,2022-08-09,2017-07,2022-08-09
HR 858 c,HR 858,1,2,3,Transit,2019,Transiting Exoplanet Survey Satellite (TESS),Published Confirmed,0,<a refstr=BONFANTI_ET_AL__2025 href=https://ui.adsabs.harvard.edu/abs/2025A&A...693A..90B/abstract target=ref>Bonfanti et al. 2025</a>,5.97386500000,0.00001500000,-0.00001600000,0,0.0687000000,0.0009200000,-0.0009200000,0,1.97900000,0.05400000,-0.05100000,0,0.17655486,0.00481757,-0.00454992,0,3.80000000,,,1,0.01195614,,,1,Mass,0.000000,,,0,,,,,1309.00,19.00,-19.00,0,1,<a refstr=BONFANTI_ET_AL__2025 href=https://ui.adsabs.harvard.edu/abs/2025A&A...693A..90B/abstract target=ref>Bonfanti et al. 2025</a>,,6354.00,70.00,-70.00,0,1.258000,0.019000,-0.019000,0,1.204000,0.052000,-0.052000,0,0.0250,0.0500,-0.0500,0,[Fe/H],4.300000,0.060000,-0.060000,0,<a refstr=STASSUN_ET_AL__2019 href=https://ui.adsabs.harvard.edu/abs/2019AJ....158..138S/abstract target=ref>TICv8</a>,02h51m56.39s,42.9849779,-30d48m50.62s,-30.8140609,31.96400000,0.07220000,-0.07200000,6.3800000,0.0300000,-0.0300000,5.1490000,0.0200000,-0.0200000,6.2527600,0.0004263,-0.0004263,2025-03-03,2025-01,2025-03-03
HR 858 d,HR 858,0,2,3,Transit,2019,Transiting Exoplanet Survey Satellite (TESS),Published Confirmed,0,<a refstr=VANDERBURG_ET_AL__2019 href=https://ui.adsabs.harvard.edu/abs/2019ApJ...881L..19V/abstract target=ref>Vanderburg et al. 2019</a>,11.23000000000,0.00110000000,-0.00100000000,0,0.1027000000,0.0022000000,-0.0025000000,0,2.16400000,0.08600000,-0.08300000,0,0.19305915,0.00767241,-0.00740476,0,,,,,,,,,,0.280000,,,1,217.0000,13.0000,-12.0000,0,1075.00,15.00,-13.00,0,0,<a refstr=VANDERBURG_ET_AL__2019 href=https://ui.adsabs.harvard.edu/abs/2019ApJ...881L..19V/abstract target=ref>Vanderburg et al. 2019</a>,,6201.00,50.00,-50.00,0,1.310000,0.024000,-0.022000,0,1.145000,0.074000,-0.080000,0,-0.1400,0.0800,-0.0800,0,[Fe/H],4.262000,0.032000,-0.036000,0,<a refstr=STASSUN_ET_AL__2019 href=https://ui.adsabs.harvard.edu/abs/2019AJ....158..138S/abstract target=ref>TICv8</a>,02h51m56.39s,42.9849779,-30d48m50.62s,-30.8140609,31.96400000,0.07220000,-0.07200000,6.3800000,0.0300000,-0.0300000,5.1490000,0.0200000,-0.0200000,6.2527600,0.0004263,-0.0004263,2019-07-19,2019-08,2019-07-25
HR 858 d,HR 858,0,2,3,Transit,2019,Transiting Exoplanet Survey Satellite (TESS),TESS Project Candidate,0,<a refstr=EXOFOP_TESS_TOI href=https://exofop.ipac.caltech.edu/tess/view_toi.php target=ref>ExoFOP-TESS TOI</a>,11.23046047708,0.00004549790,-0.00004549790,0,,,,,2.07546646,0.20931257,-0.20931257,0,0.18516103,0.01867365,-0.01867365,0,,,,,,,,,,,,,,210.3340,,,0,971.29,,,0,0,<a refstr=EXOFOP_TESS_TOI href=https://exofop.ipac.caltech.edu/tess/view_toi.php target=ref>ExoFOP-TESS TOI</a>,,6308.31,52.75,-52.75,0,1.284500,0.053925,-0.053925,0,,,,,,,,,,4.438000,,,0,<a refstr=STASSUN_ET_AL__2019 href=https://ui.adsabs.harvard.edu/abs/2019AJ....158..138S/abstract target=ref>TICv8</a>,02h51m56.39s,42.9849779,-30d48m50.62s,-30.8140609,31.96400000,0.07220000,-0.07200000,6.3800000,0.0300000,-0.0300000,5.1490000,0.0200000,-0.0200000,6.2527600,0.0004263,-0.0004263,2022-08-09,2017-07,2022-08-09
HR 858 d,HR 858,1,2,3,Transit,2019,Transiting Exoplanet Survey Satellite (TESS),Published Confirmed,0,<a refstr=BONFANTI_ET_AL__2025 href=https://ui.adsabs.harvard.edu/abs/2025A&A...693A..90B/abstract target=ref>Bonfanti et al. 2025</a>,11.23051100000,0.00004300000,-0.00004500000,0,0.1046000000,0.0014000000,-0.0014000000,0,2.00100000,0.06300000,-0.06400000,0,0.17851757,0.00562049,-0.00570971,0,7.10000000,1.60000000,-1.60000000,0,0.02233910,0.00503416,-0.00503416,0,Mass,0.000000,,,0,,,,,1061.00,15.00,-16.00,0,0,<a refstr=BONFANTI_ET_AL__2025 href=https://ui.adsabs.harvard.edu/abs/2025A&A...693A..90B/abstract target=ref>Bonfanti et al. 2025</a>,,6354.00,70.00,-70.00,0,1.258000,0.019000,-0.019000,0,1.204000,0.052000,-0.052000,0,0.0250,0.0500,-0.0500,0,[Fe/H],4.300000,0.060000,-0.060000,0,<a refstr=STASSUN_ET_AL__2019 href=https://ui.adsabs.harvard.edu/abs/2019AJ....158..138S/abstract target=ref>TICv8</a>,02h51m56.39s,42.9849779,-30d48m50.62s,-30.8140609,31.96400000,0.07220000,-0.07200000,6.3800000,0.0300000,-0.0300000,5.1490000,0.0200000,-0.0200000,6.2527600,0.0004263,-0.0004263,2025-03-03,2025-01,2025-03-03
K2-133 e,K2-133,1,1,4,Transit,2019,K2,Published Confirmed,0,<a refstr=WELLS_ET_AL__2019 href=https://ui.adsabs.harvard.edu/abs/2019MNRAS.487.1865W/abstract target=ref>Wells et al. 2019</a>,26.58410000000,0.00180000000,-0.00170000000,0,0.1346000000,0.0011000000,-0.0011000000,0,1.73000000,0.14000000,-0.13000000,0,0.15434026,0.01248996,-0.01159782,0,,,,,,,,,,,,,,1.8000,0.2500,-0.2300,0,296.00,10.00,-10.00,0,0,<a refstr=WELLS_ET_AL__2019 href=https://ui.adsabs.harvard.edu/abs/2019MNRAS.487.1865W/abstract target=ref>Wells et al. 2019</a>,M1.5 V,3655.00,80.00,-80.00,0,0.455000,0.022000,-0.022000,0,0.461000,0.011000,-0.011000,0,,,,,,,,,,<a refstr=STASSUN_ET_AL__2019 href=https://ui.adsabs.harvard.edu/abs/2019AJ....158..138S/abstract target=ref>TICv8</a>,04h40m35.85s,70.1493775,+25d00m35.33s,25.0098135,75.17030000,0.20120000,-0.20120000,14.0730000,0.0140000,-0.0140000,10.2790000,0.0180000,-0.0180000,13.3245000,0.0003110,-0.0003110,2019-05-20,2019-08,2019-05-23
K2-146 c,K2-146,1,1,2,Transit,2019,K2,Published Confirmed,0,<a refstr=HAMANN_ET_AL__2019 href=https://ui.adsabs.harvard.edu/abs/2019AJ....158..133H/abstract target=ref>Hamann et al. 2019</a>,4.00498000000,0.00011000000,-0.00011000000,0,,,,,2.19000000,0.07000000,-0.07000000,0,0.19537871,0.00624498,-0.00624498,0,7.49000000,0.24000000,-0.24000000,0,0.02358000,0.00031000,-0.00031000,0,Mass,0.075000,0.016000,-0.016000,0,,,,,,,,,1,<a refstr=HAMANN_ET_AL__2019 href=https://ui.adsabs.harvard.edu/abs/2019AJ....158..133H/abstract target=ref>Hamann et al. 2019</a>,,3385.00,70.00,-70.00,0,0.330000,0.010000,-0.010000,0,0.331000,0.009000,-0.009000,0,,,,,,,,,,<a refstr=STASSUN_ET_AL__2019 href=https://ui.adsabs.harvard.edu/abs/2019AJ....158..138S/abstract target=ref>TICv8</a>,08h40m06.41s,130.0266951,+19d05m32.43s,19.0923416,79.30020000,0.47800000,-0.47230000,16.7000000,0.2000000,-0.2000000,11.3700000,0.0230000,-0.0230000,14.9834000,0.0005230,-0.0005230,2019-08-09,2019-09,2019-08-15
K2-146 c,K2-146,0,1,2,Transit,2019,K2,Published Confirmed,0,<a refstr=LAM_ET_AL__2020 href=https://ui.adsabs.harvard.edu/abs/2020AJ....159..120L/abstract target=ref>Lam et al. 2020</a>,3.96630000000,0.00020000000,-0.00002000000,0,0.0327000000,0.0006000000,-0.0006000000,0,2.59000000,1.81000000,-0.39000000,0,0.23106472,0.16147766,-0.03479353,0,7.10000000,0.90000000,-0.90000000,0,0.02233910,0.00283172,-0.00283172,0,Mass,0.160000,0.070000,-0.070000,0,,,,,,,,,1,<a refstr=LAM_ET_AL__2020 href=https://ui.adsabs.harvard.edu/abs/2020AJ....159..120L/abstract target=ref>Lam et al. 2020</a>,M3.0 V,3385.00,70.00,-70.00,0,0.350000,0.035000,-0.035000,0,0.358000,0.042000,-0.042000,0,-0.0200,0.1200,-0.1200,0,[Fe/H],4.906000,0.041000,-0.041000,0,<a refstr=STASSUN_ET_AL__2019 href=https://ui.adsabs.harvard.edu/abs/2019AJ....158..138S/abstract target=ref>TICv8</a>,08h40m06.41s,130.0266951,+19d05m32.43s,19.0923416,79.30020000,0.47800000,-0.47230000,16.7000000,0.2000000,-0.2000000,11.3700000,0.0230000,-0.0230000,14.9834000,0.0005230,-0.0005230,2021-07-12,2020-03,2021-07-12
K2-198 c,K2-198,0,1,3,Transit,2019,K2,Published Candidate,0,<a refstr=POPE_ET_AL__2016 href=https://ui.adsabs.harvard.edu/abs/2016MNRAS.461.3399P/abstract target=ref>Pope et al. 2016</a>,3.35900000000,,,0,,,,,,,,,,,,,,,,,,,,,,,,,,,,,,,,,,0,<a refstr=STASSUN_ET_AL__2019 href=https://ui.adsabs.harvard.edu/abs/2019AJ....158..138S/abstract target=ref>TICv8</a>,,5183.84,146.86,-92.65,0,0.781501,0.035260,-0.054288,0,0.879000,0.112729,-0.103426,0,0.0940,0.0570,-0.0570,0,[M/H],4.596200,0.089224,-0.079103,0,<a refstr=STASSUN_ET_AL__2019 href=https://ui.adsabs.harvard.edu/abs/2019AJ....158..138S/abstract target=ref>TICv8</a>,13h15m22.48s,198.8436817,-06d27m53.96s,-6.4649888,110.56700000,0.87400000,-0.86000000,10.9710000,0.0150000,-0.0150000,9.2280000,0.0210000,-0.0210000,10.9955000,0.0014210,-0.0014210,2016-07-18,2016-10,2016-07-18
K2-198 c,K2-198,1,1,3,Transit,2019,K2,Published Confirmed,0,<a refstr=HEDGES_ET_AL__2019 href=https://ui.adsabs.harvard.edu/abs/2019ApJ...880L...5H/abstract target=ref>Hedges et al. 2019</a>,3.35960550000,0.00000400000,-0.00000210000,0,,,,,1.42300000,0.08100000,-0.03600000,0,0.12695156,0.00722634,-0.00321170,0,,,,,,,,,,,,,,,,,,1229.90,32.20,-15.90,0,0,<a refstr=HEDGES_ET_AL__2019 href=https://ui.adsabs.harvard.edu/abs/2019ApJ...880L...5H/abstract target=ref>Hedges et al. 2019</a>,,5212.90,99.00,-49.20,0,0.757000,0.035000,-0.016000,0,0.799000,0.091000,-0.045000,0,,,,,,,,,,<a refstr=STASSUN_ET_AL__2019 href=https://ui.adsabs.harvard.edu/abs/2019AJ....158..138S/abstract target=ref>TICv8</a>,13h15m22.48s,198.8436817,-06d27m53.96s,-6.4649888,110.56700000,0.87400000,-0.86000000,10.9710000,0.0150000,-0.0150000,9.2280000,0.0210000,-0.0210000,10.9955000,0.0014210,-0.0014210,2019-08-09,2019-07,2019-08-15
K2-198 d,K2-198,0,1,3,Transit,2019,K2,Published Candidate,0,<a refstr=POPE_ET_AL__2016 href=https://ui.adsabs.harvard.edu/abs/2016MNRAS.461.3399P/abstract target=ref>Pope et al. 2016</a>,7.45000000000,,,0,,,,,,,,,,,,,,,,,,,,,,,,,,,,,,,,,,0,<a refstr=STASSUN_ET_AL__2019 href=https://ui.adsabs.harvard.edu/abs/2019AJ....158..138S/abstract target=ref>TICv8</a>,,5183.84,146.86,-92.65,0,0.781501,0.035260,-0.054288,0,0.879000,0.112729,-0.103426,0,0.0940,0.0570,-0.0570,0,[M/H],4.596200,0.089224,-0.079103,0,<a refstr=STASSUN_ET_AL__2019 href=https://ui.adsabs.harvard.edu/abs/2019AJ....158..138S/abstract target=ref>TICv8</a>,13h15m22.48s,198.8436817,-06d27m53.96s,-6.4649888,110.56700000,0.87400000,-0.86000000,10.9710000,0.0150000,-0.0150000,9.2280000,0.0210000,-0.0210000,10.9955000,0.0014210,-0.0014210,2016-07-18,2016-10,2016-07-18
K2-198 d,K2-198,0,1,3,Transit,2019,K2,Published Candidate,0,<a refstr=KRUSE_ET_AL__2019 href=https://ui.adsabs.harvard.edu/abs/2019ApJS..244...11K/abstract target=ref>Kruse et al. 2019</a>,7.44976000000,0.00015000000,-0.00016000000,0,,,,,2.82000000,0.22000000,-0.32000000,0,0.25200000,0.02000000,-0.02900000,0,,,,,,,,,,,,,,,,,,,,,,0,<a refstr=KRUSE_ET_AL__2019 href=https://ui.adsabs.harvard.edu/abs/2019ApJS..244...11K/abstract target=ref>Kruse et al. 2019</a>,,,,,,0.801000,0.035000,-0.037000,0,,,,,,,,,,,,,,<a refstr=STASSUN_ET_AL__2019 href=https://ui.adsabs.harvard.edu/abs/2019AJ....158..138S/abstract target=ref>TICv8</a>,13h15m22.48s,198.8436817,-06d27m53.96s,-6.4649888,110.56700000,0.87400000,-0.86000000,10.9710000,0.0150000,-0.0150000,9.2280000,0.0210000,-0.0210000,10.9955000,0.0014210,-0.0014210,2019-09-05,2019-09,2019-09-05
K2-198 d,K2-198,1,1,3,Transit,2019,K2,Published Confirmed,0,<a refstr=HEDGES_ET_AL__2019 href=https://ui.adsabs.harvard.edu/abs/2019ApJ...880L...5H/abstract target=ref>Hedges et al. 2019</a>,7.45001770000,0.00000520000,-0.00000260000,0,,,,,2.43800000,0.13000000,-0.05600000,0,0.21750379,0.01159782,-0.00499599,0,,,,,,,,,,,,,,,,,,943.20,24.70,-12.20,0,0,<a refstr=HEDGES_ET_AL__2019 href=https://ui.adsabs.harvard.edu/abs/2019ApJ...880L...5H/abstract target=ref>Hedges et al. 2019</a>,,5212.90,99.00,-49.20,0,0.757000,0.035000,-0.016000,0,0.799000,0.091000,-0.045000,0,,,,,,,,,,<a refstr=STASSUN_ET_AL__2019 href=https://ui.adsabs.harvard.edu/abs/2019AJ....158..138S/abstract target=ref>TICv8</a>,13h15m22.48s,198.8436817,-06d27m53.96s,-6.4649888,110.56700000,0.87400000,-0.86000000,10.9710000,0.0150000,-0.0150000,9.2280000,0.0210000,-0.0210000,10.9955000,0.0014210,-0.0014210,2019-08-09,2019-07,2019-08-15
K2-198 d,K2-198,0,1,3,Transit,2019,K2,Published Confirmed,0,<a refstr=KOKORI_ET_AL__2023 href=https://ui.adsabs.harvard.edu/abs/2023ApJS..265....4K/abstract target=ref>Kokori et al. 2023</a>,7.45003720000,0.00000470000,-0.00000470000,0,,,,,,,,,,,,,,,,,,,,,,,,,,,,,,,,,,0,<a refstr=MAYO_ET_AL__2018 href=https://ui.adsabs.harvard.edu/abs/2018AJ....155..136M/abstract target=ref>Mayo et al. 2018</a>,,5262.00,50.00,-50.00,0,0.778475,0.030929,-0.024117,0,0.835734,0.028994,-0.029287,0,-0.1600,0.0800,-0.0800,0,[Fe/H],4.630000,0.100000,-0.100000,0,<a refstr=STASSUN_ET_AL__2019 href=https://ui.adsabs.harvard.edu/abs/2019AJ....158..138S/abstract target=ref>TICv8</a>,13h15m22.48s,198.8436817,-06d27m53.96s,-6.4649888,110.56700000,0.87400000,-0.86000000,10.9710000,0.0150000,-0.0150000,9.2280000,0.0210000,-0.0210000,10.9955000,0.0014210,-0.0014210,2024-03-04,2023-03,2024-03-04
K2-289 b,K2-289,0,1,1,Transit,2019,K2,Published Candidate,0,<a refstr=KRUSE_ET_AL__2019 href=https://ui.adsabs.harvard.edu/abs/2019ApJS..244...11K/abstract target=ref>Kruse et al. 2019</a>,13.15727000000,0.00022000000,-0.00021000000,0,,,,,10.83000000,1.99000000,-0.75000000,0,0.96620000,0.17800000,-0.06700000,0,,,,,,,,,,,,,,,,,,,,,,0,<a refstr=KRUSE_ET_AL__2019 href=https://ui.adsabs.harvard.edu/abs/2019ApJS..244...11K/abstract target=ref>Kruse et al. 2019</a>,,,,,,1.240000,0.227000,-0.077000,0,,,,,,,,,,,,,,<a refstr=STASSUN_ET_AL__2019 href=https://ui.adsabs.harvard.edu/abs/2019AJ....158..138S/abstract target=ref>TICv8</a>,16h26m34.31s,246.6429443,-15d47m33.14s,-15.7925384,274.30000000,2.09300000,-2.06300000,14.8100000,0.2290000,-0.2290000,10.6410000,0.0210000,-0.0210000,13.7943000,0.0002050,-0.0002050,2019-09-05,2019-09,2019-09-05
K2-289 b,K2-289,0,1,1,Transit,2019,K2,Published Candidate,0,<a refstr=VANDERBURG_ET_AL__2016 href=https://ui.adsabs.harvard.edu/abs/2016ApJS..222...14V/abstract target=ref>Vanderburg et al. 2016</a>,13.15697400000,,,0,,,,,5.19000000,,,0,0.46302079,,,0,,,,,,,,,,,,,,,,,,,,,,0,<a refstr=VANDERBURG_ET_AL__2016 href=https://ui.adsabs.harvard.edu/abs/2016ApJS..222...14V/abstract target=ref>Vanderburg et al. 2016</a>,,3816.00,,,0,0.540000,,,0,,,,,,,,,,,,,,<a refstr=STASSUN_ET_AL__2019 href=https://ui.adsabs.harvard.edu/abs/2019AJ....158..138S/abstract target=ref>TICv8</a>,16h26m34.31s,246.6429443,-15d47m33.14s,-15.7925384,274.30000000,2.09300000,-2.06300000,14.8100000,0.2290000,-0.2290000,10.6410000,0.0210000,-0.0210000,13.7943000,0.0002050,-0.0002050,2015-12-05,2016-01,2015-12-05
K2-289 b,K2-289,0,1,1,Transit,2019,K2,Published Candidate,0,<a refstr=CROSSFIELD_ET_AL__2016 href=https://ui.adsabs.harvard.edu/abs/2016ApJS..226....7C/abstract target=ref>Crossfield et al. 2016</a>,13.15628000000,0.00067000000,-0.00067000000,0,,,,,3.20000000,1.80000000,-1.80000000,0,0.29000000,0.16000000,-0.16000000,0,,,,,,,,,,,,,,,,,,,,,,0,<a refstr=CROSSFIELD_ET_AL__2016 href=https://ui.adsabs.harvard.edu/abs/2016ApJS..226....7C/abstract target=ref>Crossfield et al. 2016</a>,,3809.00,312.00,-312.00,0,0.380000,0.210000,-0.210000,0,,,,,,,,,,4.890000,0.180000,-0.180000,0,<a refstr=STASSUN_ET_AL__2019 href=https://ui.adsabs.harvard.edu/abs/2019AJ....158..138S/abstract target=ref>TICv8</a>,16h26m34.31s,246.6429443,-15d47m33.14s,-15.7925384,274.30000000,2.09300000,-2.06300000,14.8100000,0.2290000,-0.2290000,10.6410000,0.0210000,-0.0210000,13.7943000,0.0002050,-0.0002050,2016-07-18,2016-09,2016-07-18
K2-289 b,K2-289,1,1,1,Transit,2019,K2,Published Confirmed,0,<a refstr=LIVINGSTON_ET_AL__2019 href=https://ui.adsabs.harvard.edu/abs/2019AJ....157..102L/abstract target=ref>Livingston et al. 2019</a>,13.15696900000,0.00004700000,-0.00005100000,0,0.1070000000,0.0010000000,-0.0010000000,0,9.10000000,0.30000000,-0.30000000,0,0.81184762,0.02676421,-0.02676421,0,,,,,,,,,,,,,,,,,,753.00,16.00,-16.00,0,0,<a refstr=LIVINGSTON_ET_AL__2019 href=https://ui.adsabs.harvard.edu/abs/2019AJ....157..102L/abstract target=ref>Livingston et al. 2019</a>,,5529.00,77.00,-74.00,0,1.025000,0.030000,-0.028000,0,0.953000,0.037000,-0.051000,0,0.1620,0.0870,-0.0740,0,[Fe/H],4.393000,0.024000,-0.022000,0,<a refstr=STASSUN_ET_AL__2019 href=https://ui.adsabs.harvard.edu/abs/2019AJ....158..138S/abstract target=ref>TICv8</a>,16h26m34.31s,246.6429443,-15d47m33.14s,-15.7925384,274.30000000,2.09300000,-2.06300000,14.8100000,0.2290000,-0.2290000,10.6410000,0.0210000,-0.0210000,13.7943000,0.0002050,-0.0002050,2019-01-28,2019-03,2019-01-31
K2-290 b,K2-290,0,3,2,Transit,2019,K2,Published Confirmed,0,<a refstr=HJORTH_ET_AL__2021 href=https://ui.adsabs.harvard.edu/abs/2021PNAS..11817418H/abstract target=ref>Hjorth et al. 2021</a>,,,,,,,,,,,,,,,,,,,,,,,,,,,,,,,,,,,,,,0,<a refstr=HJORTH_ET_AL__2021 href=https://ui.adsabs.harvard.edu/abs/2021PNAS..11817418H/abstract target=ref>Hjorth et al. 2021</a>,,,,,,,,,,,,,,,,,,,,,,,<a refstr=STASSUN_ET_AL__2019 href=https://ui.adsabs.harvard.edu/abs/2019AJ....158..138S/abstract target=ref>TICv8</a>,15h39m25.89s,234.8578846,-20d11m56.03s,-20.1988975,272.90900000,3.82400000,-3.72100000,11.1140000,0.0130000,-0.0130000,9.4200000,0.0190000,-0.0190000,10.8204000,0.0003940,-0.0003940,2023-05-03,2021-02,2023-05-03
K2-290 b,K2-290,1,3,2,Transit,2019,K2,Published Confirmed,0,<a refstr=HJORTH_ET_AL__2019 href=https://ui.adsabs.harvard.edu/abs/2019MNRAS.484.3522H/abstract target=ref>Hjorth et al. 2019</a>,9.21165000000,0.00033000000,-0.00034000000,0,0.0923000000,0.0066000000,-0.0066000000,0,3.06000000,0.16000000,-0.16000000,0,0.27299491,0.01427424,-0.01427424,0,10.90000000,,,1,0.03429506,,,1,Mass,0.000000,,,0,,,,,1230.00,38.00,-38.00,0,0,<a refstr=HJORTH_ET_AL__2019 href=https://ui.adsabs.harvard.edu/abs/2019MNRAS.484.3522H/abstract target=ref>Hjorth et al. 2019</a>,,6302.00,120.00,-120.00,0,1.511000,0.075000,-0.072000,0,1.194000,0.067000,-0.077000,0,-0.0600,0.1000,-0.1000,0,[Fe/H],4.230000,0.100000,-0.100000,0,<a refstr=STASSUN_ET_AL__2019 href=https://ui.adsabs.harvard.edu/abs/2019AJ....158..138S/abstract target=ref>TICv8</a>,15h39m25.89s,234.8578846,-20d11m56.03s,-20.1988975,272.90900000,3.82400000,-3.72100000,11.1140000,0.0130000,-0.0130000,9.4200000,0.0190000,-0.0190000,10.8204000,0.0003940,-0.0003940,2019-01-22,2019-04,2019-01-24
K2-290 c,K2-290,1,3,2,Transit,2019,K2,Published Confirmed,0,<a refstr=HJORTH_ET_AL__2019 href=https://ui.adsabs.harvard.edu/abs/2019MNRAS.484.3522H/abstract target=ref>Hjorth et al. 2019</a>,48.36685000000,0.00041000000,-0.00040000000,0,0.3050000000,0.0170000000,-0.0170000000,0,11.27625400,0.56045000,-0.56045000,0,1.00600000,0.05000000,-0.05000000,0,246.00042000,14.93801000,-14.93801000,0,0.77400000,0.04700000,-0.04700000,0,Mass,0.000000,,,0,,,,,676.00,16.00,-16.00,0,0,<a refstr=HJORTH_ET_AL__2019 href=https://ui.adsabs.harvard.edu/abs/2019MNRAS.484.3522H/abstract target=ref>Hjorth et al. 2019</a>,,6302.00,120.00,-120.00,0,1.511000,0.075000,-0.072000,0,1.194000,0.067000,-0.077000,0,-0.0600,0.1000,-0.1000,0,[Fe/H],4.230000,0.100000,-0.100000,0,<a refstr=STASSUN_ET_AL__2019 href=https://ui.adsabs.harvard.edu/abs/2019AJ....158..138S/abstract target=ref>TICv8</a>,15h39m25.89s,234.8578846,-20d11m56.03s,-20.1988975,272.90900000,3.82400000,-3.72100000,11.1140000,0.0130000,-0.0130000,9.4200000,0.0190000,-0.0190000,10.8204000,0.0003940,-0.0003940,2019-01-22,2019-04,2019-01-24
K2-290 c,K2-290,0,3,2,Transit,2019,K2,Published Confirmed,0,<a refstr=HJORTH_ET_AL__2021 href=https://ui.adsabs.harvard.edu/abs/2021PNAS..11817418H/abstract target=ref>Hjorth et al. 2021</a>,,,,,,,,,,,,,,,,,,,,,,,,,,,,,,,,,,,,,,0,<a refstr=HJORTH_ET_AL__2021 href=https://ui.adsabs.harvard.edu/abs/2021PNAS..11817418H/abstract target=ref>Hjorth et al. 2021</a>,,,,,,,,,,,,,,,,,,,,,,,<a refstr=STASSUN_ET_AL__2019 href=https://ui.adsabs.harvard.edu/abs/2019AJ....158..138S/abstract target=ref>TICv8</a>,15h39m25.89s,234.8578846,-20d11m56.03s,-20.1988975,272.90900000,3.82400000,-3.72100000,11.1140000,0.0130000,-0.0130000,9.4200000,0.0190000,-0.0190000,10.8204000,0.0003940,-0.0003940,2023-05-03,2021-02,2023-05-03
K2-291 b,K2-291,0,1,1,Transit,2019,K2,TESS Project Candidate,0,<a refstr=EXOFOP_TESS_TOI href=https://exofop.ipac.caltech.edu/tess/view_toi.php target=ref>ExoFOP-TESS TOI</a>,2.22516390000,0.00002440000,-0.00002440000,0,,,,,1.50436000,0.17930300,-0.17930300,0,0.13421024,0.01599637,-0.01599637,0,,,,,,,,,,,,,,348.6010,,,0,1203.00,,,0,0,<a refstr=EXOFOP_TESS_TOI href=https://exofop.ipac.caltech.edu/tess/view_toi.php target=ref>ExoFOP-TESS TOI</a>,,5509.00,121.70,-121.70,0,0.920000,0.050000,-0.050000,0,,,,,,,,,,4.500000,0.080000,-0.080000,0,<a refstr=STASSUN_ET_AL__2019 href=https://ui.adsabs.harvard.edu/abs/2019AJ....158..138S/abstract target=ref>TICv8</a>,05h05m47.03s,76.4459400,+21d32m53.52s,21.5481990,90.05620000,0.49530000,-0.49000000,10.0140000,0.0050000,-0.0050000,8.3530000,0.0200000,-0.0200000,9.8663900,0.0007100,-0.0007100,2024-05-08,2017-07,2024-05-08
K2-291 b,K2-291,0,1,1,Transit,2019,K2,Published Confirmed,0,<a refstr=HOWARD_ET_AL__2025 href=https://ui.adsabs.harvard.edu/abs/2025ApJS..278...52H/abstract target=ref>Howard et al. 2025</a>,2.22517700000,0.00006600000,-0.00006800000,0,,,,,1.58900000,0.09500000,-0.07200000,0,0.14176133,0.00847535,-0.00642342,0,6.49000000,1.16000000,-1.16000000,0,0.02041982,0.00364977,-0.00364977,0,Mass,,,,,633.0000,59.0000,-56.0000,0,1278.00,30.00,-30.00,0,0,<a refstr=HOWARD_ET_AL__2025 href=https://ui.adsabs.harvard.edu/abs/2025ApJS..278...52H/abstract target=ref>Howard et al. 2025</a>,,5520.00,60.00,-60.00,0,0.934000,0.038000,-0.038000,0,0.934000,0.038000,-0.038000,0,0.0800,0.0400,-0.0400,0,[Fe/H],4.500000,0.050000,-0.050000,0,<a refstr=STASSUN_ET_AL__2019 href=https://ui.adsabs.harvard.edu/abs/2019AJ....158..138S/abstract target=ref>TICv8</a>,05h05m47.03s,76.4459400,+21d32m53.52s,21.5481990,90.05620000,0.49530000,-0.49000000,10.0140000,0.0050000,-0.0050000,8.3530000,0.0200000,-0.0200000,9.8663900,0.0007100,-0.0007100,2025-09-17,2025-06,2025-09-17
K2-291 b,K2-291,1,1,1,Transit,2019,K2,Published Confirmed,0,<a refstr=KOSIAREK_ET_AL__2019 href=https://ui.adsabs.harvard.edu/abs/2019AJ....157..116K/abstract target=ref>Kosiarek et al. 2019</a>,2.22517700000,0.00006600000,-0.00006800000,0,0.0326100000,0.0004400000,-0.0004400000,0,1.58900000,0.09500000,-0.07200000,0,0.14176108,0.00847533,-0.00642341,0,6.49000000,1.16000000,-1.16000000,0,0.02041972,0.00364975,-0.00364975,0,Mass,0.000000,,,0,633.0000,59.0000,-56.0000,0,,,,,0,<a refstr=KOSIAREK_ET_AL__2019 href=https://ui.adsabs.harvard.edu/abs/2019AJ....157..116K/abstract target=ref>Kosiarek et al. 2019</a>,,5520.00,60.00,-60.00,0,0.899000,0.035000,-0.033000,0,0.934000,0.038000,-0.038000,0,0.0800,0.0400,-0.0500,0,[Fe/H],4.500000,0.050000,-0.050000,0,<a refstr=STASSUN_ET_AL__2019 href=https://ui.adsabs.harvard.edu/abs/2019AJ....158..138S/abstract target=ref>TICv8</a>,05h05m47.03s,76.4459400,+21d32m53.52s,21.5481990,90.05620000,0.49530000,-0.49000000,10.0140000,0.0050000,-0.0050000,8.3530000,0.0200000,-0.0200000,9.8663900,0.0007100,-0.0007100,2019-01-22,2019-03,2019-01-24
K2-291 b,K2-291,0,1,1,Transit,2019,K2,Published Confirmed,0,<a refstr=DAI_ET_AL__2019 href=https://ui.adsabs.harvard.edu/abs/2019ApJ...883...79D/abstract target=ref>Dai et al. 2019</a>,2.22500000000,,,0,,,,,1.58200000,0.03700000,-0.04200000,0,0.14113659,0.00330092,-0.00374699,0,6.40000000,1.10000000,-1.10000000,0,0.02013655,0.00346097,-0.00346097,0,Mass,,,,,,,,,,,,,0,<a refstr=DAI_ET_AL__2019 href=https://ui.adsabs.harvard.edu/abs/2019ApJ...883...79D/abstract target=ref>Dai et al. 2019</a>,,5520.00,60.00,-60.00,0,0.904000,0.012000,-0.012000,0,0.926000,0.046000,-0.048000,0,0.0800,0.0400,-0.0400,0,[Fe/H],4.500000,0.050000,-0.050000,0,<a refstr=STASSUN_ET_AL__2019 href=https://ui.adsabs.harvard.edu/abs/2019AJ....158..138S/abstract target=ref>TICv8</a>,05h05m47.03s,76.4459400,+21d32m53.52s,21.5481990,90.05620000,0.49530000,-0.49000000,10.0140000,0.0050000,-0.0050000,8.3530000,0.0200000,-0.0200000,9.8663900,0.0007100,-0.0007100,2019-08-23,2019-09,2019-08-29
K2-292 b,K2-292,1,1,1,Transit,2019,K2,Published Confirmed,0,<a refstr=LUQUE_ET_AL__2019 href=https://ui.adsabs.harvard.edu/abs/2019A&A...623A.114L/abstract target=ref>Luque et al. 2019</a>,16.98410000000,0.00080000000,-0.00080000000,0,0.1300000000,0.0100000000,-0.0100000000,0,2.63000000,0.11000000,-0.10000000,0,0.23463288,0.00981354,-0.00892140,0,24.50000000,4.40000000,-4.40000000,0,0.07708523,0.01384388,-0.01384388,0,Mass,0.040000,0.060000,-0.030000,0,67.0000,12.0000,-9.0000,0,795.00,33.00,-28.00,0,0,<a refstr=LUQUE_ET_AL__2019 href=https://ui.adsabs.harvard.edu/abs/2019A&A...623A.114L/abstract target=ref>Luque et al. 2019</a>,G3 V,5725.00,65.00,-65.00,0,1.090000,0.030000,-0.030000,0,1.000000,0.030000,-0.030000,0,0.0700,0.0500,-0.0500,0,[Fe/H],4.330000,0.040000,-0.040000,0,<a refstr=STASSUN_ET_AL__2019 href=https://ui.adsabs.harvard.edu/abs/2019AJ....158..138S/abstract target=ref>TICv8</a>,13h41m30.21s,205.3758786,-09d56m45.85s,-9.9460704,114.29300000,0.82500000,-0.81200000,9.8850000,0.0050000,-0.0050000,8.4070000,0.0270000,-0.0270000,9.7559700,0.0003350,-0.0003350,2019-02-05,2019-03,2019-02-07
K2-293 b,K2-293,1,1,1,Transit,2019,K2,Published Confirmed,0,<a refstr=DATTILO_ET_AL__2019 href=https://ui.adsabs.harvard.edu/abs/2019AJ....157..169D/abstract target=ref>Dattilo et al. 2019</a>,13.12250000000,0.00110000000,-0.00120000000,0,,,,,2.45000000,0.35000000,-0.25000000,0,0.21857436,0.03122491,-0.02230351,0,,,,,,,,,,,,,,,,,,750.00,170.00,-50.00,0,0,<a refstr=DATTILO_ET_AL__2019 href=https://ui.adsabs.harvard.edu/abs/2019AJ....157..169D/abstract target=ref>Dattilo et al. 2019</a>,,5532.00,78.00,-78.00,0,0.947000,0.089000,-0.055000,0,0.958000,0.036000,-0.034000,0,0.2180,0.0800,-0.0800,0,[M/H],4.520000,0.130000,-0.130000,0,<a refstr=STASSUN_ET_AL__2019 href=https://ui.adsabs.harvard.edu/abs/2019AJ....158..138S/abstract target=ref>TICv8</a>,23h26m25.56s,351.6064952,-06d01m40.46s,-6.0279068,392.25100000,6.76700000,-6.54600000,13.4400000,0.1600000,-0.1600000,11.5440000,0.0230000,-0.0230000,13.1611000,0.0004830,-0.0004830,2019-04-01,2019-05,2019-04-04
K2-294 b,K2-294,1,1,1,Transit,2019,K2,Published Confirmed,0,<a refstr=DATTILO_ET_AL__2019 href=https://ui.adsabs.harvard.edu/abs/2019AJ....157..169D/abstract target=ref>Dattilo et al. 2019</a>,2.50387000000,0.00022000000,-0.00023000000,0,,,,,1.66000000,0.21000000,-0.19000000,0,0.14809528,0.01873495,-0.01695066,0,,,,,,,,,,,,,,,,,,1425.00,79.00,-54.00,0,0,<a refstr=DATTILO_ET_AL__2019 href=https://ui.adsabs.harvard.edu/abs/2019AJ....157..169D/abstract target=ref>Dattilo et al. 2019</a>,,5612.00,50.00,-50.00,0,1.200000,0.130000,-0.120000,0,0.987000,0.034000,-0.030000,0,0.1940,0.0800,-0.0800,0,[M/H],4.200000,0.100000,-0.100000,0,<a refstr=STASSUN_ET_AL__2019 href=https://ui.adsabs.harvard.edu/abs/2019AJ....158..138S/abstract target=ref>TICv8</a>,23h28m12.40s,352.0516724,-07d36m13.63s,-7.6037856,373.07800000,6.19700000,-6.00200000,12.6490000,0.1030000,-0.1030000,10.8590000,0.0210000,-0.0210000,12.3700000,0.0002090,-0.0002090,2019-04-01,2019-05,2019-04-04
K2-308 b,K2-308,0,1,1,Transit,2019,K2,TESS Project Candidate,0,<a refstr=EXOFOP_TESS_TOI href=https://exofop.ipac.caltech.edu/tess/view_toi.php target=ref>ExoFOP-TESS TOI</a>,3.38631713618,0.00002908550,-0.00002908550,0,,,,,,,,,,,,,,,,,,,,,,,,,,512.9234,,,0,1213.76,,,0,0,<a refstr=EXOFOP_TESS_TOI href=https://exofop.ipac.caltech.edu/tess/view_toi.php target=ref>ExoFOP-TESS TOI</a>,,5780.00,,,0,,,,,,,,,,,,,,4.438000,,,0,<a refstr=STASSUN_ET_AL__2019 href=https://ui.adsabs.harvard.edu/abs/2019AJ....158..138S/abstract target=ref>TICv8</a>,05h13m21.39s,78.3391194,+16d24m51.11s,16.4141986,1314.53000000,,,15.0720000,0.0230000,-0.0230000,13.2060000,0.0280000,-0.0280000,14.8949000,0.0011450,-0.0011450,2024-12-10,2017-07,2024-12-10
K2-308 b,K2-308,1,1,1,Transit,2019,K2,Published Confirmed,0,<a refstr=RAMPALLI_ET_AL__2019 href=https://ui.adsabs.harvard.edu/abs/2019AJ....158...62R/abstract target=ref>Rampalli et al. 2019</a>,3.38628000000,0.00002000000,-0.00002000000,0,,,,,9.91600000,0.98500000,-0.98500000,0,0.88400000,0.08700000,-0.08700000,0,,,,,,,,,,,,,,,,,,,,,,0,<a refstr=RAMPALLI_ET_AL__2019 href=https://ui.adsabs.harvard.edu/abs/2019AJ....158...62R/abstract target=ref>Rampalli et al. 2019</a>,,6100.00,263.00,-263.00,0,1.240000,0.100000,-0.100000,0,1.090000,0.090000,-0.090000,0,-0.1000,0.0800,-0.0800,0,[Fe/H],3.940000,0.440000,-0.440000,0,<a refstr=STASSUN_ET_AL__2019 href=https://ui.adsabs.harvard.edu/abs/2019AJ....158..138S/abstract target=ref>TICv8</a>,05h13m21.39s,78.3391194,+16d24m51.11s,16.4141986,1314.53000000,,,15.0720000,0.0230000,-0.0230000,13.2060000,0.0280000,-0.0280000,14.8949000,0.0011450,-0.0011450,2019-06-07,2019-08,2019-06-13
K2-32 e,K2-32,1,2,4,Transit,2019,K2,Published Confirmed,0,<a refstr=LILLO_BOX_ET_AL__2020 href=https://ui.adsabs.harvard.edu/abs/2020A&A...640A..48L/abstract target=ref>Lillo-Box et al. 2020</a>,4.34934000000,0.00039000000,-0.00039000000,0,0.0489900000,0.0004100000,-0.0003800000,0,1.21200000,0.05200000,-0.04600000,0,0.10812758,0.00463914,-0.00410385,0,2.10000000,1.30000000,-1.10000000,0,0.00660734,0.00409026,-0.00346099,0,Mass,0.043000,0.048000,-0.030000,0,,,,,1066.00,16.00,-18.00,0,0,<a refstr=LILLO_BOX_ET_AL__2020 href=https://ui.adsabs.harvard.edu/abs/2020A&A...640A..48L/abstract target=ref>Lillo-Box et al. 2020</a>,,5271.00,39.00,-35.00,0,0.860000,0.020000,-0.020000,0,0.830000,0.020000,-0.020000,0,-0.0600,0.0300,-0.0300,0,[Fe/H],4.490000,0.030000,-0.030000,0,<a refstr=STASSUN_ET_AL__2019 href=https://ui.adsabs.harvard.edu/abs/2019AJ....158..138S/abstract target=ref>TICv8</a>,16h49m42.24s,252.4260080,-19d32m34.98s,-19.5430504,157.68200000,1.30900000,-1.28800000,12.3040000,0.0920000,-0.0920000,9.8210000,0.0190000,-0.0190000,12.0036000,0.0002590,-0.0002590,2021-05-17,2020-08,2021-05-17
K2-32 e,K2-32,0,2,4,Transit,2019,K2,Published Confirmed,0,<a refstr=HELLER_ET_AL__2019 href=https://ui.adsabs.harvard.edu/abs/2019A&A...625A..31H/abstract target=ref>Heller et al. 2019</a>,4.34882000000,0.00069000000,-0.00075000000,0,0.0495100000,0.0005500000,-0.0005500000,0,1.01000000,0.10000000,-0.09000000,0,0.09010616,0.00892140,-0.00802926,0,,,,,,,,,,,,,,,,,,,,,,0,<a refstr=HELLER_ET_AL__2019 href=https://ui.adsabs.harvard.edu/abs/2019A&A...625A..31H/abstract target=ref>Heller et al. 2019</a>,,,,,,0.845000,0.044000,-0.035000,0,0.856000,0.028000,-0.028000,0,,,,,,,,,,<a refstr=STASSUN_ET_AL__2019 href=https://ui.adsabs.harvard.edu/abs/2019AJ....158..138S/abstract target=ref>TICv8</a>,16h49m42.24s,252.4260080,-19d32m34.98s,-19.5430504,157.68200000,1.30900000,-1.28800000,12.3040000,0.0920000,-0.0920000,9.8210000,0.0190000,-0.0190000,12.0036000,0.0002590,-0.0002590,2019-06-03,2019-05,2019-06-13
K2-32 e,K2-32,0,2,4,Transit,2019,K2,Published Candidate,0,<a refstr=KRUSE_ET_AL__2019 href=https://ui.adsabs.harvard.edu/abs/2019ApJS..244...11K/abstract target=ref>Kruse et al. 2019</a>,4.34910000000,0.00063000000,-0.00057000000,0,,,,,2.20000000,1.10000000,-1.70000000,0,0.20000000,0.09800000,-0.15000000,0,,,,,,,,,,,,,,,,,,,,,,0,<a refstr=KRUSE_ET_AL__2019 href=https://ui.adsabs.harvard.edu/abs/2019ApJS..244...11K/abstract target=ref>Kruse et al. 2019</a>,,,,,,0.757000,0.036000,-0.050000,0,,,,,,,,,,,,,,<a refstr=STASSUN_ET_AL__2019 href=https://ui.adsabs.harvard.edu/abs/2019AJ....158..138S/abstract target=ref>TICv8</a>,16h49m42.24s,252.4260080,-19d32m34.98s,-19.5430504,157.68200000,1.30900000,-1.28800000,12.3040000,0.0920000,-0.0920000,9.8210000,0.0190000,-0.0190000,12.0036000,0.0002590,-0.0002590,2019-09-05,2019-09,2019-09-05
K2-43 c,K2-43,1,1,2,Transit,2019,K2,Published Confirmed,0,<a refstr=HEDGES_ET_AL__2019 href=https://ui.adsabs.harvard.edu/abs/2019ApJ...880L...5H/abstract target=ref>Hedges et al. 2019</a>,2.19888400000,0.00002200000,-0.00001100000,0,,,,,2.42000000,0.26000000,-0.11000000,0,0.21589794,0.02319565,-0.00981354,0,,,,,,,,,,,,,,,,,,1093.70,43.90,-21.50,0,0,<a refstr=HEDGES_ET_AL__2019 href=https://ui.adsabs.harvard.edu/abs/2019ApJ...880L...5H/abstract target=ref>Hedges et al. 2019</a>,,3840.60,98.80,-49.50,0,0.542000,0.049000,-0.022000,0,0.571000,0.111000,-0.055000,0,,,,,,,,,,<a refstr=STASSUN_ET_AL__2019 href=https://ui.adsabs.harvard.edu/abs/2019AJ....158..138S/abstract target=ref>TICv8</a>,11h16m28.09s,169.1170280,-03d58m31.59s,-3.9754405,182.53600000,1.90950000,-1.90950000,15.7480000,1.1330000,-1.1330000,11.5770000,0.0240000,-0.0240000,14.8215000,0.0009140,-0.0009140,2019-08-09,2019-07,2019-08-15
K2-43 c,K2-43,0,1,2,Transit,2019,K2,Published Candidate,0,<a refstr=KRUSE_ET_AL__2019 href=https://ui.adsabs.harvard.edu/abs/2019ApJS..244...11K/abstract target=ref>Kruse et al. 2019</a>,2.19945000000,0.00015000000,-0.00014000000,0,,,,,2.60000000,0.34000000,-0.76000000,0,0.23000000,0.03000000,-0.06800000,0,,,,,,,,,,,,,,,,,,,,,,0,<a refstr=KRUSE_ET_AL__2019 href=https://ui.adsabs.harvard.edu/abs/2019ApJS..244...11K/abstract target=ref>Kruse et al. 2019</a>,,,,,,0.610000,0.051000,-0.029000,0,,,,,,,,,,,,,,<a refstr=STASSUN_ET_AL__2019 href=https://ui.adsabs.harvard.edu/abs/2019AJ....158..138S/abstract target=ref>TICv8</a>,11h16m28.09s,169.1170280,-03d58m31.59s,-3.9754405,182.53600000,1.90950000,-1.90950000,15.7480000,1.1330000,-1.1330000,11.5770000,0.0240000,-0.0240000,14.8215000,0.0009140,-0.0009140,2019-09-05,2019-09,2019-09-05
KELT-23 A b,KELT-23 A,0,2,1,Transit,2019,KELT-North,Published Confirmed,0,<a refstr=IVSHINA__AMP__WINN_2022 href=https://ui.adsabs.harvard.edu/abs/2022ApJS..259...62I/abstract target=ref>Ivshina &amp; Winn 2022</a>,2.25528739000,0.00000038000,-0.00000038000,0,,,,,,,,,,,,,,,,,,,,,,,,,,,,,,,,,,0,,,,,,,,,,,,,,,,,,,,,,,,<a refstr=STASSUN_ET_AL__2019 href=https://ui.adsabs.harvard.edu/abs/2019AJ....158..138S/abstract target=ref>TICv8</a>,15h28m35.19s,232.1466406,+66d21m31.35s,66.3587097,126.26100000,0.35200000,-0.35100000,10.3080000,0.0050000,-0.0050000,8.9040000,,,10.1820000,0.0004190,-0.0004190,2022-10-18,2022-04,2022-10-18
KELT-23 A b,KELT-23 A,0,2,1,Transit,2019,KELT-North,Published Confirmed,0,<a refstr=GIACALONE_ET_AL__2025 href=https://ui.adsabs.harvard.edu/abs/2025PASP..137g4401G/abstract target=ref>Giacalone et al. 2025</a>,2.25528766600,0.00000005100,-0.00000005100,0,,,,,,,,,,,,,,,,,,,,,,,,,,,,,,,,,,0,<a refstr=GIACALONE_ET_AL__2025 href=https://ui.adsabs.harvard.edu/abs/2025PASP..137g4401G/abstract target=ref>Giacalone et al. 2025</a>,,5899.00,49.00,-49.00,0,0.996000,0.015000,-0.015000,0,0.944000,0.060000,-0.054000,0,,,,,,,,,,<a refstr=STASSUN_ET_AL__2019 href=https://ui.adsabs.harvard.edu/abs/2019AJ....158..138S/abstract target=ref>TICv8</a>,15h28m35.19s,232.1466406,+66d21m31.35s,66.3587097,126.26100000,0.35200000,-0.35100000,10.3080000,0.0050000,-0.0050000,8.9040000,,,10.1820000,0.0004190,-0.0004190,2025-09-17,2025-07,2025-09-17
KELT-23 A b,KELT-23 A,1,2,1,Transit,2019,KELT-North,Published Confirmed,0,<a refstr=JOHNS_ET_AL__2019 href=https://ui.adsabs.harvard.edu/abs/2019AJ....158...78J/abstract target=ref>Johns et al. 2019</a>,2.25525100000,0.00001100000,-0.00001200000,0,0.0330200000,0.0006800000,-0.0006400000,0,14.82950700,0.28022500,-0.28022500,0,1.32300000,0.02500000,-0.02500000,0,298.12454000,15.25584000,-13.98452000,0,0.93800000,0.04800000,-0.04400000,0,Mass,0.000000,,,0,991.1830,51.4330,-49.2290,0,1561.00,20.00,-20.00,0,0,<a refstr=JOHNS_ET_AL__2019 href=https://ui.adsabs.harvard.edu/abs/2019AJ....158...78J/abstract target=ref>Johns et al. 2019</a>,G2 V,5899.00,49.00,-49.00,0,0.996000,0.015000,-0.015000,0,0.944000,0.060000,-0.054000,0,-0.1050,0.0780,-0.0770,0,[Fe/H],4.417000,0.026000,-0.025000,0,<a refstr=STASSUN_ET_AL__2019 href=https://ui.adsabs.harvard.edu/abs/2019AJ....158..138S/abstract target=ref>TICv8</a>,15h28m35.19s,232.1466406,+66d21m31.35s,66.3587097,126.26100000,0.35200000,-0.35100000,10.3080000,0.0050000,-0.0050000,8.9040000,,,10.1820000,0.0004190,-0.0004190,2019-06-07,2019-08,2019-06-13
KELT-23 A b,KELT-23 A,0,2,1,Transit,2019,KELT-North,Published Confirmed,0,<a refstr=KOKORI_ET_AL__2023 href=https://ui.adsabs.harvard.edu/abs/2023ApJS..265....4K/abstract target=ref>Kokori et al. 2023</a>,2.25528745000,0.00000018000,-0.00000018000,0,,,,,,,,,,,,,,,,,,,,,,,,,,,,,,,,,,0,<a refstr=JOHNS_ET_AL__2019 href=https://ui.adsabs.harvard.edu/abs/2019AJ....158...78J/abstract target=ref>Johns et al. 2019</a>,G2 V,5899.00,49.00,-49.00,0,0.996000,0.015000,-0.015000,0,0.944000,0.060000,-0.054000,0,-0.1050,0.0780,-0.0770,0,[Fe/H],4.417000,0.026000,-0.025000,0,<a refstr=STASSUN_ET_AL__2019 href=https://ui.adsabs.harvard.edu/abs/2019AJ....158..138S/abstract target=ref>TICv8</a>,15h28m35.19s,232.1466406,+66d21m31.35s,66.3587097,126.26100000,0.35200000,-0.35100000,10.3080000,0.0050000,-0.0050000,8.9040000,,,10.1820000,0.0004190,-0.0004190,2024-03-04,2023-03,2024-03-04
KELT-23 A b,KELT-23 A,0,2,1,Transit,2019,KELT-North,Published Confirmed,0,<a refstr=MACIEJEWSKI_2020 href=https://ui.adsabs.harvard.edu/abs/2020AcA....70..181M/abstract target=ref>Maciejewski 2020</a>,2.25528783000,0.00000068000,-0.00000068000,0,,,,,,,,,,,,,,,,,,,,,,,,,,,,,,,,,,0,<a refstr=STASSUN_ET_AL__2019 href=https://ui.adsabs.harvard.edu/abs/2019AJ....158..138S/abstract target=ref>TICv8</a>,,5898.00,110.81,-139.78,0,0.962706,0.043789,-0.048728,0,1.071000,0.139784,-0.135593,0,,,,,,4.500870,0.092922,-0.061177,0,<a refstr=STASSUN_ET_AL__2019 href=https://ui.adsabs.harvard.edu/abs/2019AJ....158..138S/abstract target=ref>TICv8</a>,15h28m35.19s,232.1466406,+66d21m31.35s,66.3587097,126.26100000,0.35200000,-0.35100000,10.3080000,0.0050000,-0.0050000,8.9040000,,,10.1820000,0.0004190,-0.0004190,2020-11-13,2020-09,2020-11-19
KELT-23 A b,KELT-23 A,0,2,1,Transit,2019,KELT-North,TESS Project Candidate,0,<a refstr=EXOFOP_TESS_TOI href=https://exofop.ipac.caltech.edu/tess/view_toi.php target=ref>ExoFOP-TESS TOI</a>,2.25528450000,0.00000190000,-0.00000190000,0,,,,,14.68800000,0.72294800,-0.72294800,0,1.31037785,0.06449721,-0.06449721,0,,,,,,,,,,,,,,549.7150,,,0,1348.00,,,0,0,<a refstr=EXOFOP_TESS_TOI href=https://exofop.ipac.caltech.edu/tess/view_toi.php target=ref>ExoFOP-TESS TOI</a>,,5787.00,109.90,-109.90,0,0.960000,0.050000,-0.050000,0,,,,,,,,,,4.500000,0.080000,-0.080000,0,<a refstr=STASSUN_ET_AL__2019 href=https://ui.adsabs.harvard.edu/abs/2019AJ....158..138S/abstract target=ref>TICv8</a>,15h28m35.19s,232.1466406,+66d21m31.35s,66.3587097,126.26100000,0.35200000,-0.35100000,10.3080000,0.0050000,-0.0050000,8.9040000,,,10.1820000,0.0004190,-0.0004190,2024-04-07,2017-07,2024-04-07
KELT-24 b,KELT-24,0,2,1,Transit,2019,KELT-North,Published Confirmed,0,<a refstr=HJORTH_ET_AL__2019 href=https://ui.adsabs.harvard.edu/abs/2019A&A...631A..76H/abstract target=ref>Hjorth et al. 2019</a>,5.55149000000,0.00001000000,-0.00001000000,0,0.0670000000,0.0020000000,-0.0020000000,0,15.24421375,0.56044903,-0.56044903,0,1.36000000,0.05000000,-0.05000000,0,1334.87930940,63.56568140,-63.56568140,0,4.20000000,0.20000000,-0.20000000,0,Mass,0.050000,0.020000,-0.017000,0,,,,,1473.00,28.00,-28.00,0,0,<a refstr=HJORTH_ET_AL__2019 href=https://ui.adsabs.harvard.edu/abs/2019A&A...631A..76H/abstract target=ref>Hjorth et al. 2019</a>,F7,6415.00,110.00,-110.00,0,1.520000,0.030000,-0.020000,0,1.300000,0.040000,-0.030000,0,0.0900,0.0900,-0.0900,0,[Fe/H],4.180000,0.010000,-0.020000,0,<a refstr=STASSUN_ET_AL__2019 href=https://ui.adsabs.harvard.edu/abs/2019AJ....158..138S/abstract target=ref>TICv8</a>,10h47m38.17s,161.9090273,+71d39m20.62s,71.6557270,96.51730000,0.31320000,-0.31130000,8.3400000,0.0300000,-0.0300000,7.1540000,0.0210000,-0.0210000,8.2375200,0.0003570,-0.0003570,2022-04-12,2019-11,2022-04-12
KELT-24 b,KELT-24,0,2,1,Transit,2019,KELT-North,Published Confirmed,0,<a refstr=RODRIGUEZ_ET_AL__2019 href=https://ui.adsabs.harvard.edu/abs/2019AJ....158..197R/abstract target=ref>Rodriguez et al. 2019</a>,5.55149260000,0.00000810000,-0.00000800000,0,0.0696900000,0.0008700000,-0.0009600000,0,14.25784800,0.23538900,-0.23538900,0,1.27200000,0.02100000,-0.02100000,0,1646.35940000,66.74430000,-69.92260000,0,5.18000000,0.21000000,-0.22000000,0,Mass,0.077000,0.024000,-0.025000,0,750.9000,31.6000,-30.9000,0,1459.00,16.00,-16.00,0,0,<a refstr=RODRIGUEZ_ET_AL__2019 href=https://ui.adsabs.harvard.edu/abs/2019AJ....158..197R/abstract target=ref>Rodriguez et al. 2019</a>,,6509.00,50.00,-49.00,0,1.506000,0.022000,-0.022000,0,1.460000,0.055000,-0.059000,0,0.1860,0.0770,-0.0760,0,[Fe/H],4.247000,0.019000,-0.021000,0,<a refstr=STASSUN_ET_AL__2019 href=https://ui.adsabs.harvard.edu/abs/2019AJ....158..138S/abstract target=ref>TICv8</a>,10h47m38.17s,161.9090273,+71d39m20.62s,71.6557270,96.51730000,0.31320000,-0.31130000,8.3400000,0.0300000,-0.0300000,7.1540000,0.0210000,-0.0210000,8.2375200,0.0003570,-0.0003570,2019-09-06,2019-11,2019-09-12
KELT-24 b,KELT-24,0,2,1,Transit,2019,KELT-North,Published Confirmed,0,<a refstr=PATEL__AMP__ESPINOZA_2022 href=https://ui.adsabs.harvard.edu/abs/2022AJ....163..228P/abstract target=ref>Patel &amp; Espinoza 2022</a>,5.55149750000,0.00000340000,-0.00000330000,0,,,,,,,,,,,,,,,,,,,,,,,,,,,,,,,,,,0,<a refstr=RODRIGUEZ_ET_AL__2019 href=https://ui.adsabs.harvard.edu/abs/2019AJ....158..197R/abstract target=ref>Rodriguez et al. 2019</a>,,6509.00,50.00,-49.00,0,1.506000,0.022000,-0.022000,0,1.460000,0.055000,-0.059000,0,0.1860,0.0770,-0.0760,0,[Fe/H],4.247000,0.019000,-0.021000,0,<a refstr=STASSUN_ET_AL__2019 href=https://ui.adsabs.harvard.edu/abs/2019AJ....158..138S/abstract target=ref>TICv8</a>,10h47m38.17s,161.9090273,+71d39m20.62s,71.6557270,96.51730000,0.31320000,-0.31130000,8.3400000,0.0300000,-0.0300000,7.1540000,0.0210000,-0.0210000,8.2375200,0.0003570,-0.0003570,2022-05-03,2022-05,2022-05-03
KELT-24 b,KELT-24,0,2,1,Transit,2019,KELT-North,Published Confirmed,0,<a refstr=IVSHINA__AMP__WINN_2022 href=https://ui.adsabs.harvard.edu/abs/2022ApJS..259...62I/abstract target=ref>Ivshina &amp; Winn 2022</a>,5.55149460000,0.00000120000,-0.00000120000,0,,,,,,,,,,,,,,,,,,,,,,,,,,,,,,,,,,0,,,,,,,,,,,,,,,,,,,,,,,,<a refstr=STASSUN_ET_AL__2019 href=https://ui.adsabs.harvard.edu/abs/2019AJ....158..138S/abstract target=ref>TICv8</a>,10h47m38.17s,161.9090273,+71d39m20.62s,71.6557270,96.51730000,0.31320000,-0.31130000,8.3400000,0.0300000,-0.0300000,7.1540000,0.0210000,-0.0210000,8.2375200,0.0003570,-0.0003570,2022-10-18,2022-04,2022-10-18
KELT-24 b,KELT-24,0,2,1,Transit,2019,KELT-North,Published Confirmed,0,<a refstr=MACIEJEWSKI_2020 href=https://ui.adsabs.harvard.edu/abs/2020AcA....70..181M/abstract target=ref>Maciejewski 2020</a>,5.55149180000,0.00000860000,-0.00000860000,0,,,,,,,,,,,,,,,,,,,,,,0.033000,0.012000,-0.012000,0,,,,,,,,,0,<a refstr=STASSUN_ET_AL__2019 href=https://ui.adsabs.harvard.edu/abs/2019AJ....158..138S/abstract target=ref>TICv8</a>,,6321.17,96.20,-117.97,0,1.548670,0.062675,-0.058833,0,1.250000,0.237081,-0.131697,0,,,,,,4.155060,0.091907,-0.068998,0,<a refstr=STASSUN_ET_AL__2019 href=https://ui.adsabs.harvard.edu/abs/2019AJ....158..138S/abstract target=ref>TICv8</a>,10h47m38.17s,161.9090273,+71d39m20.62s,71.6557270,96.51730000,0.31320000,-0.31130000,8.3400000,0.0300000,-0.0300000,7.1540000,0.0210000,-0.0210000,8.2375200,0.0003570,-0.0003570,2020-11-13,2020-09,2020-11-19
KELT-24 b,KELT-24,0,2,1,Transit,2019,KELT-North,TESS Project Candidate,0,<a refstr=EXOFOP_TESS_TOI href=https://exofop.ipac.caltech.edu/tess/view_toi.php target=ref>ExoFOP-TESS TOI</a>,5.55148880000,0.00000270000,-0.00000270000,0,,,,,15.80430000,0.62296800,-0.62296800,0,1.40996763,0.05557758,-0.05557758,0,,,,,,,,,,,,,,802.8580,,,0,1482.00,,,0,0,<a refstr=EXOFOP_TESS_TOI href=https://exofop.ipac.caltech.edu/tess/view_toi.php target=ref>ExoFOP-TESS TOI</a>,,6403.90,184.10,-184.10,0,1.550000,0.060000,-0.060000,0,,,,,,,,,,4.160000,0.080000,-0.080000,0,<a refstr=STASSUN_ET_AL__2019 href=https://ui.adsabs.harvard.edu/abs/2019AJ....158..138S/abstract target=ref>TICv8</a>,10h47m38.17s,161.9090273,+71d39m20.62s,71.6557270,96.51730000,0.31320000,-0.31130000,8.3400000,0.0300000,-0.0300000,7.1540000,0.0210000,-0.0210000,8.2375200,0.0003570,-0.0003570,2024-05-20,2017-07,2024-05-20
KELT-24 b,KELT-24,0,2,1,Transit,2019,KELT-North,Published Confirmed,0,<a refstr=KOKORI_ET_AL__2023 href=https://ui.adsabs.harvard.edu/abs/2023ApJS..265....4K/abstract target=ref>Kokori et al. 2023</a>,5.55149344000,0.00000092000,-0.00000092000,0,,,,,,,,,,,,,,,,,,,,,,0.077000,0.025000,-0.024000,0,,,,,,,,,0,<a refstr=RODRIGUEZ_ET_AL__2019 href=https://ui.adsabs.harvard.edu/abs/2019AJ....158..197R/abstract target=ref>Rodriguez et al. 2019</a>,,6509.00,50.00,-49.00,0,1.506000,0.022000,-0.022000,0,1.460000,0.055000,-0.059000,0,0.1860,0.0770,-0.0760,0,[Fe/H],4.247000,0.019000,-0.021000,0,<a refstr=STASSUN_ET_AL__2019 href=https://ui.adsabs.harvard.edu/abs/2019AJ....158..138S/abstract target=ref>TICv8</a>,10h47m38.17s,161.9090273,+71d39m20.62s,71.6557270,96.51730000,0.31320000,-0.31130000,8.3400000,0.0300000,-0.0300000,7.1540000,0.0210000,-0.0210000,8.2375200,0.0003570,-0.0003570,2024-03-04,2023-03,2024-03-04
KELT-24 b,KELT-24,1,2,1,Transit,2019,KELT-North,Published Confirmed,0,<a refstr=GIOVINAZZI_ET_AL__2024 href=https://ui.adsabs.harvard.edu/abs/2024AJ....168..118G/abstract target=ref>Giovinazzi et al. 2024</a>,5.55149296000,0.00000050000,-0.00000053000,0,0.0665000000,0.0011000000,-0.0011000000,0,12.71098411,0.30264248,-0.29143350,0,1.13400000,0.02700000,-0.02600000,0,1458.83238813,57.20911326,-57.20911326,0,4.59000000,0.18000000,-0.18000000,0,Mass,0.031900,0.007900,-0.007400,0,624.0000,40.0000,-40.0000,0,1391.00,22.00,-23.00,0,0,<a refstr=GIOVINAZZI_ET_AL__2024 href=https://ui.adsabs.harvard.edu/abs/2024AJ....168..118G/abstract target=ref>Giovinazzi et al. 2024</a>,,6426.00,93.00,-91.00,0,1.338000,0.032000,-0.030000,0,1.268000,0.063000,-0.063000,0,0.1380,0.0860,-0.0820,0,[Fe/H],4.287000,0.014000,-0.014000,0,<a refstr=STASSUN_ET_AL__2019 href=https://ui.adsabs.harvard.edu/abs/2019AJ....158..138S/abstract target=ref>TICv8</a>,10h47m38.17s,161.9090273,+71d39m20.62s,71.6557270,96.51730000,0.31320000,-0.31130000,8.3400000,0.0300000,-0.0300000,7.1540000,0.0210000,-0.0210000,8.2375200,0.0003570,-0.0003570,2024-08-29,2024-09,2024-08-29
KMT-2016-BLG-1107L b,KMT-2016-BLG-1107L,0,1,1,Microlensing,2019,KMTNet,Published Confirmed,0,<a refstr=HWANG_ET_AL__2019 href=https://ui.adsabs.harvard.edu/abs/2019AJ....157...23H/abstract target=ref>Hwang et al. 2019</a>,,,,,1.0650000000,0.1920000000,-0.1890000000,0,,,,,,,,,29.00000000,31.00000000,-12.00000000,0,0.09000000,0.09600000,-0.03700000,0,Mass,,,,,,,,,,,,,0,<a refstr=HWANG_ET_AL__2019 href=https://ui.adsabs.harvard.edu/abs/2019AJ....157...23H/abstract target=ref>Hwang et al. 2019</a>,,,,,,,,,,0.022000,0.023000,-0.009000,0,,,,,,,,,,<a refstr=HWANG_ET_AL__2019 href=https://ui.adsabs.harvard.edu/abs/2019AJ....157...23H/abstract target=ref>Hwang et al. 2019</a>,17h45m40.26s,266.4177500,-26d01m54.48s,-26.0318000,7481.00000000,748.00000000,-708.00000000,,,,,,,,,,2019-12-05,2019-01,2019-12-05
KMT-2016-BLG-1107L b,KMT-2016-BLG-1107L,1,1,1,Microlensing,2019,KMTNet,Published Confirmed,0,<a refstr=HWANG_ET_AL__2019 href=https://ui.adsabs.harvard.edu/abs/2019AJ....157...23H/abstract target=ref>Hwang et al. 2019</a>,,,,,0.3420000000,0.0700000000,-0.0850000000,0,,,,,,,,,1043.00000000,1102.00000000,-583.00000000,0,3.28300000,3.46800000,-1.83500000,0,Mass,,,,,,,,,,,,,0,<a refstr=HWANG_ET_AL__2019 href=https://ui.adsabs.harvard.edu/abs/2019AJ....157...23H/abstract target=ref>Hwang et al. 2019</a>,,,,,,,,,,0.087000,0.092000,-0.049000,0,,,,,,,,,,<a refstr=HWANG_ET_AL__2019 href=https://ui.adsabs.harvard.edu/abs/2019AJ....157...23H/abstract target=ref>Hwang et al. 2019</a>,17h45m40.26s,266.4177500,-26d01m54.48s,-26.0318000,6651.00000000,948.00000000,-1348.00000000,,,,,,,,,,2019-12-05,2019-01,2019-02-21
KMT-2016-BLG-1836L b,KMT-2016-BLG-1836L,0,1,1,Microlensing,2019,KMTNet,Published Confirmed,0,<a refstr=YANG_ET_AL__2020 href=https://ui.adsabs.harvard.edu/abs/2020AJ....159...98Y/abstract target=ref>Yang et al. 2020</a>,,,,,3.5000000000,1.1000000000,-0.9000000000,0,,,,,,,,,700.00000000,570.00000000,-350.00000000,0,2.20000000,1.80000000,-1.10000000,0,Mass,,,,,,,,,,,,,0,<a refstr=YANG_ET_AL__2020 href=https://ui.adsabs.harvard.edu/abs/2020AJ....159...98Y/abstract target=ref>Yang et al. 2020</a>,,,,,,,,,,0.490000,0.390000,-0.250000,0,,,,,,,,,,<a refstr=YANG_ET_AL__2020 href=https://ui.adsabs.harvard.edu/abs/2020AJ....159...98Y/abstract target=ref>Yang et al. 2020</a>,17h53m00.08s,268.2503330,-30d02m26.70s,-30.0407500,7200.00000000,800.00000000,2200.00000000,,,,,,,,,,2020-04-02,2020-03,2020-04-02
KMT-2016-BLG-1836L b,KMT-2016-BLG-1836L,0,1,1,Microlensing,2019,KMTNet,Published Confirmed,0,<a refstr=YANG_ET_AL__2020 href=https://ui.adsabs.harvard.edu/abs/2020AJ....159...98Y/abstract target=ref>Yang et al. 2020</a>,,,,,2.6000000000,0.7000000000,-0.6000000000,0,,,,,,,,,730.00000000,600.00000000,-410.00000000,0,2.70000000,1.80000000,-1.40000000,0,Mass,,,,,,,,,,,,,0,<a refstr=YANG_ET_AL__2020 href=https://ui.adsabs.harvard.edu/abs/2020AJ....159...98Y/abstract target=ref>Yang et al. 2020</a>,,,,,,,,,,0.600000,0.400000,-0.320000,0,,,,,,,,,,<a refstr=YANG_ET_AL__2020 href=https://ui.adsabs.harvard.edu/abs/2020AJ....159...98Y/abstract target=ref>Yang et al. 2020</a>,17h53m00.08s,268.2503330,-30d02m26.70s,-30.0407500,7100.00000000,700.00000000,-1800.00000000,,,,,,,,,,2020-04-02,2020-03,2020-04-02
KMT-2016-BLG-1836L b,KMT-2016-BLG-1836L,0,1,1,Microlensing,2019,KMTNet,Published Confirmed,0,<a refstr=YANG_ET_AL__2020 href=https://ui.adsabs.harvard.edu/abs/2020AJ....159...98Y/abstract target=ref>Yang et al. 2020</a>,,,,,2.7000000000,0.7000000000,-0.7000000000,0,,,,,,,,,730.00000000,600.00000000,-410.00000000,0,2.30000000,1.90000000,-1.30000000,0,Mass,,,,,,,,,,,,,0,<a refstr=YANG_ET_AL__2020 href=https://ui.adsabs.harvard.edu/abs/2020AJ....159...98Y/abstract target=ref>Yang et al. 2020</a>,,,,,,,,,,0.530000,0.420000,-0.290000,0,,,,,,,,,,<a refstr=YANG_ET_AL__2020 href=https://ui.adsabs.harvard.edu/abs/2020AJ....159...98Y/abstract target=ref>Yang et al. 2020</a>,17h53m00.08s,268.2503330,-30d02m26.70s,-30.0407500,6500.00000000,1200.00000000,-2800.00000000,,,,,,,,,,2020-04-02,2020-03,2020-04-02
KMT-2016-BLG-1836L b,KMT-2016-BLG-1836L,1,1,1,Microlensing,2019,KMTNet,Published Confirmed,0,<a refstr=YANG_ET_AL__2020 href=https://ui.adsabs.harvard.edu/abs/2020AJ....159...98Y/abstract target=ref>Yang et al. 2020</a>,,,,,3.5000000000,1.1000000000,-0.9000000000,0,,,,,,,,,700.00000000,600.00000000,-350.00000000,0,2.20000000,1.90000000,-1.10000000,0,Mass,,,,,,,,,,,,,0,<a refstr=YANG_ET_AL__2020 href=https://ui.adsabs.harvard.edu/abs/2020AJ....159...98Y/abstract target=ref>Yang et al. 2020</a>,,,,,,,,,,0.490000,0.380000,-0.250000,0,,,,,,,,,,<a refstr=YANG_ET_AL__2020 href=https://ui.adsabs.harvard.edu/abs/2020AJ....159...98Y/abstract target=ref>Yang et al. 2020</a>,17h53m00.08s,268.2503330,-30d02m26.70s,-30.0407500,7100.00000000,800.00000000,-2400.00000000,,,,,,,,,,2020-04-02,2020-03,2020-03-19
KMT-2016-BLG-1836L b,KMT-2016-BLG-1836L,0,1,1,Microlensing,2019,KMTNet,Published Confirmed,0,<a refstr=YANG_ET_AL__2020 href=https://ui.adsabs.harvard.edu/abs/2020AJ....159...98Y/abstract target=ref>Yang et al. 2020</a>,,,,,3.5000000000,1.1000000000,-0.9000000000,0,,,,,,,,,700.00000000,600.00000000,-350.00000000,0,2.20000000,1.90000000,-1.10000000,0,Mass,,,,,,,,,,,,,0,<a refstr=YANG_ET_AL__2020 href=https://ui.adsabs.harvard.edu/abs/2020AJ....159...98Y/abstract target=ref>Yang et al. 2020</a>,,,,,,,,,,0.490000,0.380000,-0.250000,0,,,,,,,,,,<a refstr=YANG_ET_AL__2020 href=https://ui.adsabs.harvard.edu/abs/2020AJ....159...98Y/abstract target=ref>Yang et al. 2020</a>,17h53m00.08s,268.2503330,-30d02m26.70s,-30.0407500,7100.00000000,800.00000000,-2400.00000000,,,,,,,,,,2020-04-02,2020-03,2020-04-02
KMT-2016-BLG-1836L b,KMT-2016-BLG-1836L,0,1,1,Microlensing,2019,KMTNet,Published Confirmed,0,<a refstr=YANG_ET_AL__2020 href=https://ui.adsabs.harvard.edu/abs/2020AJ....159...98Y/abstract target=ref>Yang et al. 2020</a>,,,,,2.7000000000,0.7000000000,-0.7000000000,0,,,,,,,,,700.00000000,570.00000000,-380.00000000,0,2.20000000,1.80000000,-1.20000000,0,Mass,,,,,,,,,,,,,0,<a refstr=YANG_ET_AL__2020 href=https://ui.adsabs.harvard.edu/abs/2020AJ....159...98Y/abstract target=ref>Yang et al. 2020</a>,,,,,,,,,,0.510000,0.410000,-0.280000,0,,,,,,,,,,<a refstr=YANG_ET_AL__2020 href=https://ui.adsabs.harvard.edu/abs/2020AJ....159...98Y/abstract target=ref>Yang et al. 2020</a>,17h53m00.08s,268.2503330,-30d02m26.70s,-30.0407500,6300.00000000,1300.00000000,2700.00000000,,,,,,,,,,2020-04-02,2020-03,2020-04-02
KMT-2016-BLG-1836L b,KMT-2016-BLG-1836L,0,1,1,Microlensing,2019,KMTNet,Published Confirmed,0,<a refstr=YANG_ET_AL__2020 href=https://ui.adsabs.harvard.edu/abs/2020AJ....159...98Y/abstract target=ref>Yang et al. 2020</a>,,,,,3.6000000000,1.2000000000,-0.9000000000,0,,,,,,,,,700.00000000,600.00000000,-380.00000000,0,2.20000000,1.90000000,-1.20000000,0,Mass,,,,,,,,,,,,,0,<a refstr=YANG_ET_AL__2020 href=https://ui.adsabs.harvard.edu/abs/2020AJ....159...98Y/abstract target=ref>Yang et al. 2020</a>,,,,,,,,,,0.480000,0.390000,-0.250000,0,,,,,,,,,,<a refstr=YANG_ET_AL__2020 href=https://ui.adsabs.harvard.edu/abs/2020AJ....159...98Y/abstract target=ref>Yang et al. 2020</a>,17h53m00.08s,268.2503330,-30d02m26.70s,-30.0407500,7100.00000000,800.00000000,2600.00000000,,,,,,,,,,2020-04-02,2020-03,2020-04-02
KMT-2017-BLG-1038L b,KMT-2017-BLG-1038L,0,1,1,Microlensing,2019,KMTNet,Published Confirmed,0,<a refstr=SHIN_ET_AL__2019 href=https://ui.adsabs.harvard.edu/abs/2019AJ....157..146S/abstract target=ref>Shin et al. 2019</a>,,,,,1.9000000000,0.6000000000,-0.6000000000,0,,,,,,,,,760.00000000,570.00000000,-440.00000000,0,2.40000000,1.80000000,-1.40000000,0,Mass,,,,,,,,,,,,,0,<a refstr=SHIN_ET_AL__2019 href=https://ui.adsabs.harvard.edu/abs/2019AJ....157..146S/abstract target=ref>Shin et al. 2019</a>,,,,,,,,,,0.430000,0.320000,-0.250000,0,,,,,,,,,,<a refstr=SHIN_ET_AL__2019 href=https://ui.adsabs.harvard.edu/abs/2019AJ....157..146S/abstract target=ref>Shin et al. 2019</a>,17h44m41.02s,266.1709170,-25d08m34.91s,-25.1430306,6100.00000000,1200.00000000,-1600.00000000,,,,,,,,,,2019-12-05,2019-04,2019-12-05
KMT-2017-BLG-1038L b,KMT-2017-BLG-1038L,1,1,1,Microlensing,2019,KMTNet,Published Confirmed,0,<a refstr=SHIN_ET_AL__2019 href=https://ui.adsabs.harvard.edu/abs/2019AJ....157..146S/abstract target=ref>Shin et al. 2019</a>,,,,,1.8000000000,0.6000000000,-0.5000000000,0,,,,,,,,,640.00000000,640.00000000,-350.00000000,0,2.00000000,2.00000000,-1.10000000,0,Mass,,,,,,,,,,,,,0,<a refstr=SHIN_ET_AL__2019 href=https://ui.adsabs.harvard.edu/abs/2019AJ....157..146S/abstract target=ref>Shin et al. 2019</a>,,,,,,,,,,0.370000,0.360000,-0.200000,0,,,,,,,,,,<a refstr=SHIN_ET_AL__2019 href=https://ui.adsabs.harvard.edu/abs/2019AJ....157..146S/abstract target=ref>Shin et al. 2019</a>,17h44m41.02s,266.1709170,-25d08m34.91s,-25.1430306,6000.00000000,1300.00000000,-1700.00000000,,,,,,,,,,2019-12-05,2019-04,2019-03-14
KMT-2017-BLG-1146L b,KMT-2017-BLG-1146L,1,1,1,Microlensing,2019,KMTNet,Published Confirmed,0,<a refstr=SHIN_ET_AL__2019 href=https://ui.adsabs.harvard.edu/abs/2019AJ....157..146S/abstract target=ref>Shin et al. 2019</a>,,,,,1.6000000000,0.6000000000,-0.6000000000,0,,,,,,,,,230.00000000,250.00000000,-130.00000000,0,0.71000000,0.80000000,-0.42000000,0,Mass,,,,,,,,,,,,,0,<a refstr=SHIN_ET_AL__2019 href=https://ui.adsabs.harvard.edu/abs/2019AJ....157..146S/abstract target=ref>Shin et al. 2019</a>,,,,,,,,,,0.330000,0.360000,-0.200000,0,,,,,,,,,,<a refstr=SHIN_ET_AL__2019 href=https://ui.adsabs.harvard.edu/abs/2019AJ....157..146S/abstract target=ref>Shin et al. 2019</a>,17h56m25.40s,269.1058330,-33d08m32.89s,-33.1424694,6500.00000000,1400.00000000,-2000.00000000,,,,,,,,,,2019-12-05,2019-04,2019-03-14
KMT-2017-BLG-1146L b,KMT-2017-BLG-1146L,0,1,1,Microlensing,2019,KMTNet,Published Confirmed,0,<a refstr=SHIN_ET_AL__2019 href=https://ui.adsabs.harvard.edu/abs/2019AJ....157..146S/abstract target=ref>Shin et al. 2019</a>,,,,,1.7000000000,0.6000000000,-0.6000000000,0,,,,,,,,,270.00000000,240.00000000,-170.00000000,0,0.85000000,0.76000000,-0.52000000,0,Mass,,,,,,,,,,,,,0,<a refstr=SHIN_ET_AL__2019 href=https://ui.adsabs.harvard.edu/abs/2019AJ....157..146S/abstract target=ref>Shin et al. 2019</a>,,,,,,,,,,0.400000,0.340000,-0.250000,0,,,,,,,,,,<a refstr=SHIN_ET_AL__2019 href=https://ui.adsabs.harvard.edu/abs/2019AJ....157..146S/abstract target=ref>Shin et al. 2019</a>,17h56m25.40s,269.1058330,-33d08m32.89s,-33.1424694,6600.00000000,1400.00000000,-1900.00000000,,,,,,,,,,2019-12-05,2019-04,2019-12-05
KMT-2018-BLG-1990L b,KMT-2018-BLG-1990L,0,1,1,Microlensing,2019,KMTNet,Published Confirmed,0,<a refstr=RYU_ET_AL__2019 href=https://ui.adsabs.harvard.edu/abs/2019AJ....158..151R/abstract target=ref>Ryu et al. 2019</a>,,,,,0.6890000000,0.1710000000,-0.1030000000,0,,,,,,,,,103.00000000,32.00000000,-23.00000000,0,0.32300000,0.10000000,-0.07100000,0,Mass,,,,,,,,,,,,,0,<a refstr=RYU_ET_AL__2019 href=https://ui.adsabs.harvard.edu/abs/2019AJ....158..151R/abstract target=ref>Ryu et al. 2019</a>,,,,,,,,,,0.084000,0.026000,-0.019000,0,,,,,,,,,,<a refstr=RYU_ET_AL__2019 href=https://ui.adsabs.harvard.edu/abs/2019AJ....158..151R/abstract target=ref>Ryu et al. 2019</a>,17h53m44.49s,268.4353750,-22d09m09.14s,-22.1525389,873.00000000,249.00000000,-165.00000000,,,,,,,,,,2019-12-05,2019-10,2019-12-05
KMT-2018-BLG-1990L b,KMT-2018-BLG-1990L,1,1,1,Microlensing,2019,KMTNet,Published Confirmed,0,<a refstr=RYU_ET_AL__2019 href=https://ui.adsabs.harvard.edu/abs/2019AJ....158..151R/abstract target=ref>Ryu et al. 2019</a>,,,,,0.7630000000,0.2190000000,-0.1450000000,0,,,,,,,,,111.00000000,42.00000000,-28.00000000,0,0.34800000,0.13200000,-0.08700000,0,Mass,,,,,,,,,,,,,0,<a refstr=RYU_ET_AL__2019 href=https://ui.adsabs.harvard.edu/abs/2019AJ....158..151R/abstract target=ref>Ryu et al. 2019</a>,M,,,,,,,,,0.094000,0.036000,-0.024000,0,,,,,,,,,,<a refstr=RYU_ET_AL__2019 href=https://ui.adsabs.harvard.edu/abs/2019AJ....158..151R/abstract target=ref>Ryu et al. 2019</a>,17h53m44.49s,268.4353750,-22d09m09.14s,-22.1525389,967.00000000,308.00000000,-212.00000000,,,,,,,,,,2019-12-05,2019-10,2019-11-07
KMT-2018-BLG-1990L b,KMT-2018-BLG-1990L,0,1,1,Microlensing,2019,KMTNet,Published Confirmed,0,<a refstr=RYU_ET_AL__2019 href=https://ui.adsabs.harvard.edu/abs/2019AJ....158..151R/abstract target=ref>Ryu et al. 2019</a>,,,,,0.8830000000,0.3790000000,-0.2070000000,0,,,,,,,,,180.00000000,100.00000000,-51.00000000,0,0.56500000,0.31600000,-0.16100000,0,Mass,,,,,,,,,,,,,0,<a refstr=RYU_ET_AL__2019 href=https://ui.adsabs.harvard.edu/abs/2019AJ....158..151R/abstract target=ref>Ryu et al. 2019</a>,,,,,,,,,,0.095000,0.053000,-0.027000,0,,,,,,,,,,<a refstr=RYU_ET_AL__2019 href=https://ui.adsabs.harvard.edu/abs/2019AJ....158..151R/abstract target=ref>Ryu et al. 2019</a>,17h53m44.49s,268.4353750,-22d09m09.14s,-22.1525389,937.00000000,457.00000000,-243.00000000,,,,,,,,,,2019-12-05,2019-10,2019-12-05
KMT-2018-BLG-1990L b,KMT-2018-BLG-1990L,0,1,1,Microlensing,2019,KMTNet,Published Confirmed,0,<a refstr=RYU_ET_AL__2019 href=https://ui.adsabs.harvard.edu/abs/2019AJ....158..151R/abstract target=ref>Ryu et al. 2019</a>,,,,,0.6570000000,0.0970000000,-0.0750000000,0,,,,,,,,,101.00000000,24.00000000,-18.00000000,0,0.31800000,0.07700000,-0.05800000,0,Mass,,,,,,,,,,,,,0,<a refstr=RYU_ET_AL__2019 href=https://ui.adsabs.harvard.edu/abs/2019AJ....158..151R/abstract target=ref>Ryu et al. 2019</a>,,,,,,,,,,0.073000,0.018000,-0.014000,0,,,,,,,,,,<a refstr=RYU_ET_AL__2019 href=https://ui.adsabs.harvard.edu/abs/2019AJ....158..151R/abstract target=ref>Ryu et al. 2019</a>,17h53m44.49s,268.4353750,-22d09m09.14s,-22.1525389,674.00000000,139.00000000,-115.00000000,,,,,,,,,,2019-12-05,2019-10,2019-12-05
KMT-2018-BLG-1990L b,KMT-2018-BLG-1990L,0,1,1,Microlensing,2019,KMTNet,Published Confirmed,0,<a refstr=RYU_ET_AL__2019 href=https://ui.adsabs.harvard.edu/abs/2019AJ....158..151R/abstract target=ref>Ryu et al. 2019</a>,,,,,0.9470000000,0.3770000000,-0.2030000000,0,,,,,,,,,206.00000000,105.00000000,-58.00000000,0,0.64900000,0.33000000,-0.18100000,0,Mass,,,,,,,,,,,,,0,<a refstr=RYU_ET_AL__2019 href=https://ui.adsabs.harvard.edu/abs/2019AJ....158..151R/abstract target=ref>Ryu et al. 2019</a>,,,,,,,,,,0.111000,0.057000,-0.031000,0,,,,,,,,,,<a refstr=RYU_ET_AL__2019 href=https://ui.adsabs.harvard.edu/abs/2019AJ....158..151R/abstract target=ref>Ryu et al. 2019</a>,17h53m44.49s,268.4353750,-22d09m09.14s,-22.1525389,950.00000000,411.00000000,-238.00000000,,,,,,,,,,2019-12-05,2019-10,2019-12-05
KMT-2018-BLG-1990L b,KMT-2018-BLG-1990L,0,1,1,Microlensing,2019,KMTNet,Published Confirmed,0,<a refstr=RYU_ET_AL__2019 href=https://ui.adsabs.harvard.edu/abs/2019AJ....158..151R/abstract target=ref>Ryu et al. 2019</a>,,,,,1.0950000000,0.9530000000,-0.3910000000,0,,,,,,,,,189.00000000,259.00000000,-86.00000000,0,0.59400000,0.81400000,-0.27200000,0,Mass,,,,,,,,,,,,,0,<a refstr=RYU_ET_AL__2019 href=https://ui.adsabs.harvard.edu/abs/2019AJ....158..151R/abstract target=ref>Ryu et al. 2019</a>,,,,,,,,,,0.153000,0.206000,-0.068000,0,,,,,,,,,,<a refstr=RYU_ET_AL__2019 href=https://ui.adsabs.harvard.edu/abs/2019AJ....158..151R/abstract target=ref>Ryu et al. 2019</a>,17h53m44.49s,268.4353750,-22d09m09.14s,-22.1525389,1296.00000000,1061.00000000,-452.00000000,,,,,,,,,,2019-12-05,2019-10,2019-12-05
KMT-2018-BLG-1990L b,KMT-2018-BLG-1990L,0,1,1,Microlensing,2019,KMTNet,Published Confirmed,0,<a refstr=RYU_ET_AL__2019 href=https://ui.adsabs.harvard.edu/abs/2019AJ....158..151R/abstract target=ref>Ryu et al. 2019</a>,,,,,1.0830000000,1.3530000000,-0.3150000000,0,,,,,,,,,192.00000000,391.00000000,-68.00000000,0,0.60500000,1.22900000,-0.21500000,0,Mass,,,,,,,,,,,,,0,<a refstr=RYU_ET_AL__2019 href=https://ui.adsabs.harvard.edu/abs/2019AJ....158..151R/abstract target=ref>Ryu et al. 2019</a>,,,,,,,,,,0.153000,0.311000,-0.054000,0,,,,,,,,,,<a refstr=RYU_ET_AL__2019 href=https://ui.adsabs.harvard.edu/abs/2019AJ....158..151R/abstract target=ref>Ryu et al. 2019</a>,17h53m44.49s,268.4353750,-22d09m09.14s,-22.1525389,1277.00000000,1629.00000000,-422.00000000,,,,,,,,,,2019-12-05,2019-10,2019-12-05
KMT-2018-BLG-1990L b,KMT-2018-BLG-1990L,0,1,1,Microlensing,2019,KMTNet,Published Confirmed,0,<a refstr=RYU_ET_AL__2019 href=https://ui.adsabs.harvard.edu/abs/2019AJ....158..151R/abstract target=ref>Ryu et al. 2019</a>,,,,,0.6990000000,0.1450000000,-0.1070000000,0,,,,,,,,,106.00000000,32.00000000,-22.00000000,0,0.33300000,0.10100000,-0.06800000,0,Mass,,,,,,,,,,,,,0,<a refstr=RYU_ET_AL__2019 href=https://ui.adsabs.harvard.edu/abs/2019AJ....158..151R/abstract target=ref>Ryu et al. 2019</a>,,,,,,,,,,0.076000,0.023000,-0.016000,0,,,,,,,,,,<a refstr=RYU_ET_AL__2019 href=https://ui.adsabs.harvard.edu/abs/2019AJ....158..151R/abstract target=ref>Ryu et al. 2019</a>,17h53m44.49s,268.4353750,-22d09m09.14s,-22.1525389,742.00000000,201.00000000,-138.00000000,,,,,,,,,,2019-12-05,2019-10,2019-12-05
KMT-2018-BLG-1990L b,KMT-2018-BLG-1990L,0,1,1,Microlensing,2019,KMTNet,Published Confirmed,0,<a refstr=RYU_ET_AL__2019 href=https://ui.adsabs.harvard.edu/abs/2019AJ....158..151R/abstract target=ref>Ryu et al. 2019</a>,,,,,1.0390000000,0.9510000000,-0.3510000000,0,,,,,,,,,180.00000000,251.00000000,-79.00000000,0,0.56500000,0.78900000,-0.24900000,0,Mass,,,,,,,,,,,,,0,<a refstr=RYU_ET_AL__2019 href=https://ui.adsabs.harvard.edu/abs/2019AJ....158..151R/abstract target=ref>Ryu et al. 2019</a>,,,,,,,,,,0.141000,0.202000,-0.061000,0,,,,,,,,,,<a refstr=RYU_ET_AL__2019 href=https://ui.adsabs.harvard.edu/abs/2019AJ....158..151R/abstract target=ref>Ryu et al. 2019</a>,17h53m44.49s,268.4353750,-22d09m09.14s,-22.1525389,1229.00000000,1063.00000000,-427.00000000,,,,,,,,,,2019-12-05,2019-10,2019-12-05
KMT-2018-BLG-1990L b,KMT-2018-BLG-1990L,0,1,1,Microlensing,2019,KMTNet,Published Confirmed,0,<a refstr=RYU_ET_AL__2019 href=https://ui.adsabs.harvard.edu/abs/2019AJ....158..151R/abstract target=ref>Ryu et al. 2019</a>,,,,,0.7510000000,0.2830000000,-0.1370000000,0,,,,,,,,,126.00000000,92.00000000,-36.00000000,0,0.39800000,0.29100000,-0.11200000,0,Mass,,,,,,,,,,,,,0,<a refstr=RYU_ET_AL__2019 href=https://ui.adsabs.harvard.edu/abs/2019AJ....158..151R/abstract target=ref>Ryu et al. 2019</a>,,,,,,,,,,0.083000,0.039000,-0.020000,0,,,,,,,,,,<a refstr=RYU_ET_AL__2019 href=https://ui.adsabs.harvard.edu/abs/2019AJ....158..151R/abstract target=ref>Ryu et al. 2019</a>,17h53m44.49s,268.4353750,-22d09m09.14s,-22.1525389,789.00000000,316.00000000,-169.00000000,,,,,,,,,,2019-12-05,2019-10,2019-12-05
KMT-2018-BLG-1990L b,KMT-2018-BLG-1990L,0,1,1,Microlensing,2019,KMTNet,Published Confirmed,0,<a refstr=RYU_ET_AL__2019 href=https://ui.adsabs.harvard.edu/abs/2019AJ....158..151R/abstract target=ref>Ryu et al. 2019</a>,,,,,1.5210000000,0.7530000000,-0.5550000000,0,,,,,,,,,293.00000000,233.00000000,-130.00000000,0,0.92300000,0.73400000,-0.40900000,0,Mass,,,,,,,,,,,,,0,<a refstr=RYU_ET_AL__2019 href=https://ui.adsabs.harvard.edu/abs/2019AJ....158..151R/abstract target=ref>Ryu et al. 2019</a>,,,,,,,,,,0.235000,0.187000,-0.104000,0,,,,,,,,,,<a refstr=RYU_ET_AL__2019 href=https://ui.adsabs.harvard.edu/abs/2019AJ....158..151R/abstract target=ref>Ryu et al. 2019</a>,17h53m44.49s,268.4353750,-22d09m09.14s,-22.1525389,1735.00000000,889.00000000,-651.00000000,,,,,,,,,,2019-12-05,2019-10,2019-12-05
KOI-1599.01,KOI-1599,0,1,2,Transit,2019,Kepler,Kepler Project Candidate (q1_q8_koi),0,<a refstr=Q1_Q8_KOI_TABLE href=https://exoplanetarchive.ipac.caltech.edu/docs/Kepler_KOI_docs.html target=ref>Q1-Q8 KOI Table</a>,20.41724000000,0.00038000000,-0.00038000000,0,0.1430000000,,,0,1.90000000,1.20000000,-1.20000000,0,0.16950694,0.10705701,-0.10705701,0,,,,,,,,,,0.000000,,,0,,,,0,645.00,,,0,1,<a refstr=Q1_Q8_KOI_TABLE href=https://exoplanetarchive.ipac.caltech.edu/docs/Kepler_KOI_docs.html target=ref>Q1-Q8 KOI Table</a>,,5760.00,133.00,-133.00,0,0.920000,0.550000,-0.550000,0,0.940000,0.140000,-0.140000,0,,,,0,,4.480000,0.300000,-0.300000,0,<a refstr=STASSUN_ET_AL__2019 href=https://ui.adsabs.harvard.edu/abs/2019AJ....158..138S/abstract target=ref>TICv8</a>,19h53m29.72s,298.3738383,+40d37m06.41s,40.6184483,1131.64000000,28.17000000,-26.86000000,14.7950000,0.1260000,-0.1260000,13.2380000,0.0310000,-0.0310000,14.8540000,0.0003280,-0.0003280,2013-10-28,2014-01-08,2013-10-28
KOI-1599.01,KOI-1599,0,1,2,Transit,2019,Kepler,Kepler Project Candidate (q1_q12_koi),0,<a refstr=Q1_Q12_KOI_TABLE href=https://exoplanetarchive.ipac.caltech.edu/docs/Kepler_KOI_docs.html target=ref>Q1-Q12 KOI Table</a>,20.40713450000,0.00030810000,-0.00030810000,0,0.1473000000,,,0,1.76000000,0.73000000,-0.17000000,0,0.15701695,0.06512635,-0.01516641,0,,,,,,,,,,0.000000,,,0,44.8000,56.1600,-12.9000,0,660.00,,,0,1,<a refstr=Q1_Q12_KOI_TABLE href=https://exoplanetarchive.ipac.caltech.edu/docs/Kepler_KOI_docs.html target=ref>Q1-Q12 KOI Table</a>,,5823.00,171.00,-195.00,0,0.972000,0.405000,-0.094000,0,1.020000,0.154000,-0.118000,0,0.0600,0.2000,-0.3000,0,[Fe/H],4.472000,0.053000,-0.290000,0,<a refstr=STASSUN_ET_AL__2019 href=https://ui.adsabs.harvard.edu/abs/2019AJ....158..138S/abstract target=ref>TICv8</a>,19h53m29.72s,298.3738383,+40d37m06.41s,40.6184483,1131.64000000,28.17000000,-26.86000000,14.7950000,0.1260000,-0.1260000,13.2380000,0.0310000,-0.0310000,14.8540000,0.0003280,-0.0003280,2014-11-18,2014-12-04,2014-11-18
KOI-1599.01,KOI-1599,0,1,2,Transit,2019,Kepler,Kepler Project Candidate (q1_q17_dr25_sup_koi),0,<a refstr=Q1_Q17_DR25_SUPPLEMENTAL_KOI_TABLE href=https://exoplanetarchive.ipac.caltech.edu/docs/Kepler_KOI_docs.html target=ref>Q1-Q17 DR25 Supplemental KOI Table</a>,20.40748460000,0.00031290000,-0.00031290000,0,,,,0,,,,0,,,,,,,,,,,,,,,,,0,,,,0,,,,0,1,<a refstr=STASSUN_ET_AL__2019 href=https://ui.adsabs.harvard.edu/abs/2019AJ....158..138S/abstract target=ref>TICv8</a>,,5833.00,122.00,-122.00,0,1.179920,,,0,1.050000,,,0,,,,,,4.315560,,,0,<a refstr=STASSUN_ET_AL__2019 href=https://ui.adsabs.harvard.edu/abs/2019AJ....158..138S/abstract target=ref>TICv8</a>,19h53m29.72s,298.3738383,+40d37m06.41s,40.6184483,1131.64000000,28.17000000,-26.86000000,14.7950000,0.1260000,-0.1260000,13.2380000,0.0310000,-0.0310000,14.8540000,0.0003280,-0.0003280,2018-09-25,2018-08-16,2018-09-25
KOI-1599.01,KOI-1599,0,1,2,Transit,2019,Kepler,Kepler Project Candidate (q1_q17_dr25_koi),0,<a refstr=Q1_Q17_DR25_KOI_TABLE href=https://exoplanetarchive.ipac.caltech.edu/docs/Kepler_KOI_docs.html target=ref>Q1-Q17 DR25 KOI Table</a>,20.40748460000,0.00031290000,-0.00031290000,0,0.1473000000,,,0,2.90000000,0.87000000,-0.31000000,0,0.25872112,0.07761633,-0.02765640,0,,,,,,,,,,0.000000,,,0,44.8000,39.4000,-13.5800,0,660.00,,,0,1,<a refstr=Q1_Q17_DR25_KOI_TABLE href=https://exoplanetarchive.ipac.caltech.edu/docs/Kepler_KOI_docs.html target=ref>Q1-Q17 DR25 KOI Table</a>,,5823.00,158.00,-193.00,0,0.972000,0.291000,-0.104000,0,1.020000,0.115000,-0.127000,0,0.0600,0.2500,-0.3000,0,[Fe/H],4.472000,0.052000,-0.208000,0,<a refstr=STASSUN_ET_AL__2019 href=https://ui.adsabs.harvard.edu/abs/2019AJ....158..138S/abstract target=ref>TICv8</a>,19h53m29.72s,298.3738383,+40d37m06.41s,40.6184483,1131.64000000,28.17000000,-26.86000000,14.7950000,0.1260000,-0.1260000,13.2380000,0.0310000,-0.0310000,14.8540000,0.0003280,-0.0003280,2017-05-08,2017-08-31 00:00,2017-05-08
KOI-1599.01,KOI-1599,0,1,2,Transit,2019,Kepler,Kepler Project Candidate (q1_q16_koi),0,<a refstr=Q1_Q16_KOI_TABLE href=https://exoplanetarchive.ipac.caltech.edu/docs/Kepler_KOI_docs.html target=ref>Q1-Q16 KOI Table</a>,20.40713450000,0.00030810000,-0.00030810000,0,0.1473000000,,,0,1.76000000,0.73000000,-0.17000000,0,0.15701695,0.06512635,-0.01516641,0,,,,,,,,,,0.000000,,,0,44.8000,56.1600,-12.9000,0,660.00,,,0,1,<a refstr=Q1_Q16_KOI_TABLE href=https://exoplanetarchive.ipac.caltech.edu/docs/Kepler_KOI_docs.html target=ref>Q1-Q16 KOI Table</a>,,5823.00,171.00,-195.00,0,0.972000,0.405000,-0.094000,0,1.020000,0.154000,-0.118000,0,0.0600,0.2000,-0.3000,0,[Fe/H],4.472000,0.053000,-0.290000,0,<a refstr=STASSUN_ET_AL__2019 href=https://ui.adsabs.harvard.edu/abs/2019AJ....158..138S/abstract target=ref>TICv8</a>,19h53m29.72s,298.3738383,+40d37m06.41s,40.6184483,1131.64000000,28.17000000,-26.86000000,14.7950000,0.1260000,-0.1260000,13.2380000,0.0310000,-0.0310000,14.8540000,0.0003280,-0.0003280,2014-11-21,2014-12-18,2014-11-21
KOI-1599.01,KOI-1599,0,1,2,Transit,2019,Kepler,Published Confirmed,0,<a refstr=HOLCZER_ET_AL__2016 href=https://ui.adsabs.harvard.edu/abs/2016ApJS..225....9H/abstract target=ref>Holczer et al. 2016</a>,20.40857074000,0.00002356000,-0.00002356000,0,,,,,,,,,,,,,,,,,,,,,,,,,,,,,,,,,,1,<a refstr=STASSUN_ET_AL__2019 href=https://ui.adsabs.harvard.edu/abs/2019AJ....158..138S/abstract target=ref>TICv8</a>,,5833.00,122.00,-122.00,0,1.179920,,,0,1.050000,,,0,,,,,,4.315560,,,0,<a refstr=STASSUN_ET_AL__2019 href=https://ui.adsabs.harvard.edu/abs/2019AJ....158..138S/abstract target=ref>TICv8</a>,19h53m29.72s,298.3738383,+40d37m06.41s,40.6184483,1131.64000000,28.17000000,-26.86000000,14.7950000,0.1260000,-0.1260000,13.2380000,0.0310000,-0.0310000,14.8540000,0.0003280,-0.0003280,2019-04-01,2016-07,2016-07-28
KOI-1599.01,KOI-1599,1,1,2,Transit,2019,Kepler,Published Confirmed,0,<a refstr=PANICHI_ET_AL__2019 href=https://ui.adsabs.harvard.edu/abs/2019MNRAS.485.4601P/abstract target=ref>Panichi et al. 2019</a>,20.44150000000,0.00130000000,-0.00130000000,0,0.1472800000,,,0,1.90000000,0.30000000,-0.30000000,0,0.16950665,0.02676421,-0.02676421,0,4.60000000,0.30000000,-0.30000000,0,0.01447315,0.00094390,-0.00094390,0,Mass,0.014000,,,0,,,,,,,,,1,<a refstr=PANICHI_ET_AL__2019 href=https://ui.adsabs.harvard.edu/abs/2019MNRAS.485.4601P/abstract target=ref>Panichi et al. 2019</a>,,,,,,0.972000,,,0,1.020000,,,0,,,,,,,,,,<a refstr=STASSUN_ET_AL__2019 href=https://ui.adsabs.harvard.edu/abs/2019AJ....158..138S/abstract target=ref>TICv8</a>,19h53m29.72s,298.3738383,+40d37m06.41s,40.6184483,1131.64000000,28.17000000,-26.86000000,14.7950000,0.1260000,-0.1260000,13.2380000,0.0310000,-0.0310000,14.8540000,0.0003280,-0.0003280,2019-05-20,2019-06,2019-05-23
KOI-1599.01,KOI-1599,0,1,2,Transit,2019,Kepler,Kepler Project Candidate (q1_q17_dr24_koi),0,<a refstr=Q1_Q17_DR24_KOI_TABLE href=https://exoplanetarchive.ipac.caltech.edu/docs/Kepler_KOI_docs.html target=ref>Q1-Q17 DR24 KOI Table</a>,20.40713450000,0.00030810000,-0.00030810000,0,0.1473000000,,,0,1.76000000,0.73000000,-0.17000000,0,0.15701695,0.06512635,-0.01516641,0,,,,,,,,,,0.000000,,,0,44.8000,56.1600,-12.9000,0,660.00,,,0,1,<a refstr=Q1_Q17_DR24_KOI_TABLE href=https://exoplanetarchive.ipac.caltech.edu/docs/Kepler_KOI_docs.html target=ref>Q1-Q17 DR24 KOI Table</a>,,5823.00,171.00,-195.00,0,0.972000,0.405000,-0.094000,0,1.020000,0.154000,-0.118000,0,0.0600,0.2000,-0.3000,0,[Fe/H],4.472000,0.053000,-0.290000,0,<a refstr=STASSUN_ET_AL__2019 href=https://ui.adsabs.harvard.edu/abs/2019AJ....158..138S/abstract target=ref>TICv8</a>,19h53m29.72s,298.3738383,+40d37m06.41s,40.6184483,1131.64000000,28.17000000,-26.86000000,14.7950000,0.1260000,-0.1260000,13.2380000,0.0310000,-0.0310000,14.8540000,0.0003280,-0.0003280,2015-08-25,2015-09-24,2015-08-25
KOI-1599.02,KOI-1599,0,1,2,Transit,2019,Kepler,Kepler Project Candidate (q1_q17_dr24_koi),0,<a refstr=Q1_Q17_DR24_KOI_TABLE href=https://exoplanetarchive.ipac.caltech.edu/docs/Kepler_KOI_docs.html target=ref>Q1-Q17 DR24 KOI Table</a>,13.61634560000,0.00012630000,-0.00012630000,0,0.1125000000,,,0,64.05000000,26.68000000,-6.20000000,0,5.71416810,2.38023427,-0.55312790,0,,,,,,,,,,0.000000,,,0,76.8100,96.2700,-22.1200,0,755.00,,,0,1,<a refstr=Q1_Q17_DR24_KOI_TABLE href=https://exoplanetarchive.ipac.caltech.edu/docs/Kepler_KOI_docs.html target=ref>Q1-Q17 DR24 KOI Table</a>,,5823.00,171.00,-195.00,0,0.972000,0.405000,-0.094000,0,1.020000,0.154000,-0.118000,0,0.0600,0.2000,-0.3000,0,[Fe/H],4.472000,0.053000,-0.290000,0,<a refstr=STASSUN_ET_AL__2019 href=https://ui.adsabs.harvard.edu/abs/2019AJ....158..138S/abstract target=ref>TICv8</a>,19h53m29.72s,298.3738383,+40d37m06.41s,40.6184483,1131.64000000,28.17000000,-26.86000000,14.7950000,0.1260000,-0.1260000,13.2380000,0.0310000,-0.0310000,14.8540000,0.0003280,-0.0003280,2015-08-25,2015-09-24,2015-08-25
KOI-1599.02,KOI-1599,1,1,2,Transit,2019,Kepler,Published Confirmed,0,<a refstr=PANICHI_ET_AL__2019 href=https://ui.adsabs.harvard.edu/abs/2019MNRAS.485.4601P/abstract target=ref>Panichi et al. 2019</a>,13.60880000000,0.00060000000,-0.00060000000,0,0.1122930000,,,0,1.90000000,0.20000000,-0.20000000,0,0.16950665,0.01784280,-0.01784280,0,9.00000000,0.30000000,-0.30000000,0,0.02831702,0.00094390,-0.00094390,0,Mass,0.011400,,,0,,,,,,,,,1,<a refstr=PANICHI_ET_AL__2019 href=https://ui.adsabs.harvard.edu/abs/2019MNRAS.485.4601P/abstract target=ref>Panichi et al. 2019</a>,,,,,,0.972000,,,0,1.020000,,,0,,,,,,,,,,<a refstr=STASSUN_ET_AL__2019 href=https://ui.adsabs.harvard.edu/abs/2019AJ....158..138S/abstract target=ref>TICv8</a>,19h53m29.72s,298.3738383,+40d37m06.41s,40.6184483,1131.64000000,28.17000000,-26.86000000,14.7950000,0.1260000,-0.1260000,13.2380000,0.0310000,-0.0310000,14.8540000,0.0003280,-0.0003280,2019-05-20,2019-06,2019-05-23
KOI-1599.02,KOI-1599,0,1,2,Transit,2019,Kepler,Kepler Project Candidate (q1_q17_dr25_sup_koi),0,<a refstr=Q1_Q17_DR25_SUPPLEMENTAL_KOI_TABLE href=https://exoplanetarchive.ipac.caltech.edu/docs/Kepler_KOI_docs.html target=ref>Q1-Q17 DR25 Supplemental KOI Table</a>,13.61645470000,0.00010530000,-0.00010530000,0,,,,0,,,,0,,,,,,,,,,,,,,,,,0,,,,0,,,,0,1,<a refstr=STASSUN_ET_AL__2019 href=https://ui.adsabs.harvard.edu/abs/2019AJ....158..138S/abstract target=ref>TICv8</a>,,5833.00,122.00,-122.00,0,1.179920,,,0,1.050000,,,0,,,,,,4.315560,,,0,<a refstr=STASSUN_ET_AL__2019 href=https://ui.adsabs.harvard.edu/abs/2019AJ....158..138S/abstract target=ref>TICv8</a>,19h53m29.72s,298.3738383,+40d37m06.41s,40.6184483,1131.64000000,28.17000000,-26.86000000,14.7950000,0.1260000,-0.1260000,13.2380000,0.0310000,-0.0310000,14.8540000,0.0003280,-0.0003280,2018-09-25,2018-08-16,2018-09-25
KOI-1599.02,KOI-1599,0,1,2,Transit,2019,Kepler,Kepler Project Candidate (q1_q12_koi),0,<a refstr=Q1_Q12_KOI_TABLE href=https://exoplanetarchive.ipac.caltech.edu/docs/Kepler_KOI_docs.html target=ref>Q1-Q12 KOI Table</a>,13.61634560000,0.00012630000,-0.00012630000,0,0.1125000000,,,0,64.05000000,26.68000000,-6.20000000,0,5.71416810,2.38023427,-0.55312790,0,,,,,,,,,,0.000000,,,0,76.8100,96.2700,-22.1200,0,755.00,,,0,1,<a refstr=Q1_Q12_KOI_TABLE href=https://exoplanetarchive.ipac.caltech.edu/docs/Kepler_KOI_docs.html target=ref>Q1-Q12 KOI Table</a>,,5823.00,171.00,-195.00,0,0.972000,0.405000,-0.094000,0,1.020000,0.154000,-0.118000,0,0.0600,0.2000,-0.3000,0,[Fe/H],4.472000,0.053000,-0.290000,0,<a refstr=STASSUN_ET_AL__2019 href=https://ui.adsabs.harvard.edu/abs/2019AJ....158..138S/abstract target=ref>TICv8</a>,19h53m29.72s,298.3738383,+40d37m06.41s,40.6184483,1131.64000000,28.17000000,-26.86000000,14.7950000,0.1260000,-0.1260000,13.2380000,0.0310000,-0.0310000,14.8540000,0.0003280,-0.0003280,2014-11-18,2014-12-04,2014-11-18
KOI-1599.02,KOI-1599,0,1,2,Transit,2019,Kepler,Kepler Project Candidate (q1_q16_koi),0,<a refstr=Q1_Q16_KOI_TABLE href=https://exoplanetarchive.ipac.caltech.edu/docs/Kepler_KOI_docs.html target=ref>Q1-Q16 KOI Table</a>,13.61634560000,0.00012630000,-0.00012630000,0,0.1125000000,,,0,64.05000000,26.68000000,-6.20000000,0,5.71416810,2.38023427,-0.55312790,0,,,,,,,,,,0.000000,,,0,76.8100,96.2700,-22.1200,0,755.00,,,0,1,<a refstr=Q1_Q16_KOI_TABLE href=https://exoplanetarchive.ipac.caltech.edu/docs/Kepler_KOI_docs.html target=ref>Q1-Q16 KOI Table</a>,,5823.00,171.00,-195.00,0,0.972000,0.405000,-0.094000,0,1.020000,0.154000,-0.118000,0,0.0600,0.2000,-0.3000,0,[Fe/H],4.472000,0.053000,-0.290000,0,<a refstr=STASSUN_ET_AL__2019 href=https://ui.adsabs.harvard.edu/abs/2019AJ....158..138S/abstract target=ref>TICv8</a>,19h53m29.72s,298.3738383,+40d37m06.41s,40.6184483,1131.64000000,28.17000000,-26.86000000,14.7950000,0.1260000,-0.1260000,13.2380000,0.0310000,-0.0310000,14.8540000,0.0003280,-0.0003280,2014-11-21,2014-12-18,2014-11-21
KOI-1599.02,KOI-1599,0,1,2,Transit,2019,Kepler,Kepler Project Candidate (q1_q17_dr25_koi),0,<a refstr=Q1_Q17_DR25_KOI_TABLE href=https://exoplanetarchive.ipac.caltech.edu/docs/Kepler_KOI_docs.html target=ref>Q1-Q17 DR25 KOI Table</a>,13.61645470000,0.00010530000,-0.00010530000,0,0.1125000000,,,0,22.29000000,6.68000000,-2.38000000,0,1.98858403,0.59595071,-0.21232974,0,,,,,,,,,,0.000000,,,0,76.8100,67.5400,-23.2800,0,755.00,,,0,1,<a refstr=Q1_Q17_DR25_KOI_TABLE href=https://exoplanetarchive.ipac.caltech.edu/docs/Kepler_KOI_docs.html target=ref>Q1-Q17 DR25 KOI Table</a>,,5823.00,158.00,-193.00,0,0.972000,0.291000,-0.104000,0,1.020000,0.115000,-0.127000,0,0.0600,0.2500,-0.3000,0,[Fe/H],4.472000,0.052000,-0.208000,0,<a refstr=STASSUN_ET_AL__2019 href=https://ui.adsabs.harvard.edu/abs/2019AJ....158..138S/abstract target=ref>TICv8</a>,19h53m29.72s,298.3738383,+40d37m06.41s,40.6184483,1131.64000000,28.17000000,-26.86000000,14.7950000,0.1260000,-0.1260000,13.2380000,0.0310000,-0.0310000,14.8540000,0.0003280,-0.0003280,2017-05-08,2017-08-31 00:00,2017-05-08
KOI-1599.02,KOI-1599,0,1,2,Transit,2019,Kepler,Kepler Project Candidate (q1_q8_koi),0,<a refstr=Q1_Q8_KOI_TABLE href=https://exoplanetarchive.ipac.caltech.edu/docs/Kepler_KOI_docs.html target=ref>Q1-Q8 KOI Table</a>,13.61410000000,0.00024000000,-0.00024000000,0,0.1090000000,,,0,1.90000000,1.20000000,-1.20000000,0,0.16950694,0.10705701,-0.10705701,0,,,,,,,,,,0.000000,,,0,,,,0,739.00,,,0,1,<a refstr=Q1_Q8_KOI_TABLE href=https://exoplanetarchive.ipac.caltech.edu/docs/Kepler_KOI_docs.html target=ref>Q1-Q8 KOI Table</a>,,5760.00,133.00,-133.00,0,0.920000,0.550000,-0.550000,0,0.940000,0.140000,-0.140000,0,,,,0,,4.480000,0.300000,-0.300000,0,<a refstr=STASSUN_ET_AL__2019 href=https://ui.adsabs.harvard.edu/abs/2019AJ....158..138S/abstract target=ref>TICv8</a>,19h53m29.72s,298.3738383,+40d37m06.41s,40.6184483,1131.64000000,28.17000000,-26.86000000,14.7950000,0.1260000,-0.1260000,13.2380000,0.0310000,-0.0310000,14.8540000,0.0003280,-0.0003280,2013-10-28,2014-01-08,2013-10-28
Kepler-1658 b,Kepler-1658,0,1,1,Transit,2019,Kepler,TESS Project Candidate,0,<a refstr=EXOFOP_TESS_TOI href=https://exofop.ipac.caltech.edu/tess/view_toi.php target=ref>ExoFOP-TESS TOI</a>,3.84938455984,0.00003219738,-0.00003219738,0,,,,,16.80880008,1.23943450,-1.23943450,0,1.49958328,0.11057513,-0.11057513,0,,,,,,,,,,,,,,6689.7864,,,0,2306.60,,,0,0,<a refstr=EXOFOP_TESS_TOI href=https://exofop.ipac.caltech.edu/tess/view_toi.php target=ref>ExoFOP-TESS TOI</a>,,5843.47,135.15,-135.15,0,3.911910,0.219008,-0.219008,0,,,,,,,,,,3.274480,0.085415,-0.085415,0,<a refstr=STASSUN_ET_AL__2019 href=https://ui.adsabs.harvard.edu/abs/2019AJ....158..138S/abstract target=ref>TICv8</a>,19h37m25.57s,294.3565559,+38d56m50.43s,38.9473424,788.23800000,17.43400000,-16.70700000,11.6200000,0.0160000,-0.0160000,10.1950000,0.0230000,-0.0230000,11.4200000,0.0005680,-0.0005680,2023-03-28,2017-07,2023-03-28
Kepler-1658 b,Kepler-1658,0,1,1,Transit,2019,Kepler,Kepler Project Candidate (q1_q17_dr24_koi),0,<a refstr=Q1_Q17_DR24_KOI_TABLE href=https://exoplanetarchive.ipac.caltech.edu/docs/Kepler_KOI_docs.html target=ref>Q1-Q17 DR24 KOI Table</a>,3.84937150100,0.00000130400,-0.00000130400,0,0.0548000000,,,0,13.10000000,2.06000000,-3.25000000,0,1.16870573,0.18378121,-0.28994608,0,,,,,,,,,,0.000000,,,0,4055.2900,1837.1900,-1919.8700,0,2035.00,,,0,0,<a refstr=Q1_Q17_DR24_KOI_TABLE href=https://exoplanetarchive.ipac.caltech.edu/docs/Kepler_KOI_docs.html target=ref>Q1-Q17 DR24 KOI Table</a>,,6244.00,130.00,-109.00,0,2.992000,0.469000,-0.743000,0,1.482000,0.137000,-0.196000,0,-0.1600,0.2000,-0.1400,0,[Fe/H],3.657000,0.205000,-0.107000,0,<a refstr=STASSUN_ET_AL__2019 href=https://ui.adsabs.harvard.edu/abs/2019AJ....158..138S/abstract target=ref>TICv8</a>,19h37m25.57s,294.3565559,+38d56m50.43s,38.9473424,788.23800000,17.43400000,-16.70700000,11.6200000,0.0160000,-0.0160000,10.1950000,0.0230000,-0.0230000,11.4200000,0.0005680,-0.0005680,2015-08-25,2015-09-24,2015-08-25
Kepler-1658 b,Kepler-1658,0,1,1,Transit,2019,Kepler,Kepler Project Candidate (q1_q8_koi),0,<a refstr=Q1_Q8_KOI_TABLE href=https://exoplanetarchive.ipac.caltech.edu/docs/Kepler_KOI_docs.html target=ref>Q1-Q8 KOI Table</a>,3.84937240000,0.00000440000,-0.00000440000,0,0.0560000000,,,0,11.80000000,1.60000000,-1.60000000,0,1.05272730,0.14274268,-0.14274268,0,,,,,,,,,,0.000000,,,0,,,,0,1923.00,,,0,0,<a refstr=Q1_Q8_KOI_TABLE href=https://exoplanetarchive.ipac.caltech.edu/docs/Kepler_KOI_docs.html target=ref>Q1-Q8 KOI Table</a>,,6391.00,50.00,-50.00,0,2.600000,0.360000,-0.360000,0,1.610000,0.110000,-0.110000,0,,,,0,,3.810000,0.100000,-0.100000,0,<a refstr=STASSUN_ET_AL__2019 href=https://ui.adsabs.harvard.edu/abs/2019AJ....158..138S/abstract target=ref>TICv8</a>,19h37m25.57s,294.3565559,+38d56m50.43s,38.9473424,788.23800000,17.43400000,-16.70700000,11.6200000,0.0160000,-0.0160000,10.1950000,0.0230000,-0.0230000,11.4200000,0.0005680,-0.0005680,2013-10-28,2014-01-08,2013-10-28
Kepler-1658 b,Kepler-1658,0,1,1,Transit,2019,Kepler,Kepler Project Candidate (q1_q17_dr25_sup_koi),0,<a refstr=Q1_Q17_DR25_SUPPLEMENTAL_KOI_TABLE href=https://exoplanetarchive.ipac.caltech.edu/docs/Kepler_KOI_docs.html target=ref>Q1-Q17 DR25 Supplemental KOI Table</a>,3.84937173700,0.00000234400,-0.00000234400,0,,,,0,,,,0,,,,,,,,,,,,,,,,,0,,,,0,,,,0,0,<a refstr=STASSUN_ET_AL__2019 href=https://ui.adsabs.harvard.edu/abs/2019AJ....158..138S/abstract target=ref>TICv8</a>,,5843.47,141.01,-129.29,0,3.911910,0.181943,-0.256072,0,1.050000,0.145632,-0.127954,0,-0.2467,0.0069,-0.0069,0,[M/H],3.274480,0.102535,-0.068294,0,<a refstr=STASSUN_ET_AL__2019 href=https://ui.adsabs.harvard.edu/abs/2019AJ....158..138S/abstract target=ref>TICv8</a>,19h37m25.57s,294.3565559,+38d56m50.43s,38.9473424,788.23800000,17.43400000,-16.70700000,11.6200000,0.0160000,-0.0160000,10.1950000,0.0230000,-0.0230000,11.4200000,0.0005680,-0.0005680,2018-09-25,2018-08-16,2018-09-25
Kepler-1658 b,Kepler-1658,0,1,1,Transit,2019,Kepler,Kepler Project Candidate (q1_q16_koi),0,<a refstr=Q1_Q16_KOI_TABLE href=https://exoplanetarchive.ipac.caltech.edu/docs/Kepler_KOI_docs.html target=ref>Q1-Q16 KOI Table</a>,3.84937150100,0.00000130400,-0.00000130400,0,0.0548000000,,,0,13.10000000,2.06000000,-3.25000000,0,1.16870573,0.18378121,-0.28994608,0,,,,,,,,,,0.000000,,,0,4055.2900,1837.1900,-1919.8700,0,2035.00,,,0,0,<a refstr=Q1_Q16_KOI_TABLE href=https://exoplanetarchive.ipac.caltech.edu/docs/Kepler_KOI_docs.html target=ref>Q1-Q16 KOI Table</a>,,6244.00,130.00,-109.00,0,2.992000,0.469000,-0.743000,0,1.482000,0.137000,-0.196000,0,-0.1600,0.2000,-0.1400,0,[Fe/H],3.657000,0.205000,-0.107000,0,<a refstr=STASSUN_ET_AL__2019 href=https://ui.adsabs.harvard.edu/abs/2019AJ....158..138S/abstract target=ref>TICv8</a>,19h37m25.57s,294.3565559,+38d56m50.43s,38.9473424,788.23800000,17.43400000,-16.70700000,11.6200000,0.0160000,-0.0160000,10.1950000,0.0230000,-0.0230000,11.4200000,0.0005680,-0.0005680,2014-11-21,2014-12-18,2014-11-21
Kepler-1658 b,Kepler-1658,1,1,1,Transit,2019,Kepler,Published Confirmed,0,<a refstr=CHONTOS_ET_AL__2019 href=https://ui.adsabs.harvard.edu/abs/2019AJ....157..192C/abstract target=ref>Chontos et al. 2019</a>,3.84937278400,0.00000080400,-0.00000080100,0,0.0544000000,0.0007000000,-0.0007000000,0,11.99363000,0.56045000,-0.56045000,0,1.07000000,0.05000000,-0.05000000,0,1868.84040000,149.38010000,-146.20180000,0,5.88000000,0.47000000,-0.46000000,0,Mass,0.062800,0.019700,-0.018500,0,,,,,,,,,0,<a refstr=CHONTOS_ET_AL__2019 href=https://ui.adsabs.harvard.edu/abs/2019AJ....157..192C/abstract target=ref>Chontos et al. 2019</a>,,6216.00,78.00,-78.00,0,2.891000,0.130000,-0.106000,0,1.447000,0.058000,-0.058000,0,-0.1800,0.1000,-0.1000,0,[M/H],3.673000,0.026000,-0.026000,0,<a refstr=STASSUN_ET_AL__2019 href=https://ui.adsabs.harvard.edu/abs/2019AJ....158..138S/abstract target=ref>TICv8</a>,19h37m25.57s,294.3565559,+38d56m50.43s,38.9473424,788.23800000,17.43400000,-16.70700000,11.6200000,0.0160000,-0.0160000,10.1950000,0.0230000,-0.0230000,11.4200000,0.0005680,-0.0005680,2019-03-11,2019-05,2019-03-14
Kepler-1658 b,Kepler-1658,0,1,1,Transit,2019,Kepler,Kepler Project Candidate (q1_q12_koi),0,<a refstr=Q1_Q12_KOI_TABLE href=https://exoplanetarchive.ipac.caltech.edu/docs/Kepler_KOI_docs.html target=ref>Q1-Q12 KOI Table</a>,3.84937150100,0.00000130400,-0.00000130400,0,0.0548000000,,,0,13.10000000,2.06000000,-3.25000000,0,1.16870573,0.18378121,-0.28994608,0,,,,,,,,,,0.000000,,,0,4055.2900,1837.1900,-1919.8700,0,2035.00,,,0,0,<a refstr=Q1_Q12_KOI_TABLE href=https://exoplanetarchive.ipac.caltech.edu/docs/Kepler_KOI_docs.html target=ref>Q1-Q12 KOI Table</a>,,6244.00,130.00,-109.00,0,2.992000,0.469000,-0.743000,0,1.482000,0.137000,-0.196000,0,-0.1600,0.2000,-0.1400,0,[Fe/H],3.657000,0.205000,-0.107000,0,<a refstr=STASSUN_ET_AL__2019 href=https://ui.adsabs.harvard.edu/abs/2019AJ....158..138S/abstract target=ref>TICv8</a>,19h37m25.57s,294.3565559,+38d56m50.43s,38.9473424,788.23800000,17.43400000,-16.70700000,11.6200000,0.0160000,-0.0160000,10.1950000,0.0230000,-0.0230000,11.4200000,0.0005680,-0.0005680,2014-11-18,2014-12-04,2014-11-18
Kepler-1658 b,Kepler-1658,0,1,1,Transit,2019,Kepler,Kepler Project Candidate (q1_q17_dr25_koi),0,<a refstr=Q1_Q17_DR25_KOI_TABLE href=https://exoplanetarchive.ipac.caltech.edu/docs/Kepler_KOI_docs.html target=ref>Q1-Q17 DR25 KOI Table</a>,3.84937173700,0.00000234400,-0.00000234400,0,0.0548000000,,,0,12.94000000,1.80000000,-4.20000000,0,1.15443146,0.16058552,-0.37469955,0,,,,,,,,,,0.000000,,,0,4055.2900,1643.7800,-2336.5100,0,2034.00,,,0,0,<a refstr=Q1_Q17_DR25_KOI_TABLE href=https://exoplanetarchive.ipac.caltech.edu/docs/Kepler_KOI_docs.html target=ref>Q1-Q17 DR25 KOI Table</a>,,6244.00,126.00,-114.00,0,2.992000,0.416000,-0.971000,0,1.482000,0.131000,-0.261000,0,-0.1600,0.2000,-0.1500,0,[Fe/H],3.657000,0.270000,-0.090000,0,<a refstr=STASSUN_ET_AL__2019 href=https://ui.adsabs.harvard.edu/abs/2019AJ....158..138S/abstract target=ref>TICv8</a>,19h37m25.57s,294.3565559,+38d56m50.43s,38.9473424,788.23800000,17.43400000,-16.70700000,11.6200000,0.0160000,-0.0160000,10.1950000,0.0230000,-0.0230000,11.4200000,0.0005680,-0.0005680,2017-05-08,2017-08-31 00:00,2017-05-08
Kepler-47 d,Kepler-47,1,2,3,Transit,2019,Kepler,Published Confirmed,0,<a refstr=OROSZ_ET_AL__2019 href=https://ui.adsabs.harvard.edu/abs/2019AJ....157..174O/abstract target=ref>Orosz et al. 2019</a>,187.36600000000,0.06900000000,-0.05100000000,0,0.6992000000,0.0031000000,-0.0033000000,0,7.04000000,0.66000000,-0.49000000,0,0.62806673,0.05888126,-0.04371487,0,19.02000000,23.84000000,-11.67000000,0,0.05984331,0.07500865,-0.03671774,0,Mass,0.024000,0.025000,-0.017000,0,,,,,,,,,1,<a refstr=OROSZ_ET_AL__2019 href=https://ui.adsabs.harvard.edu/abs/2019AJ....157..174O/abstract target=ref>Orosz et al. 2019</a>,,,,,,0.936000,0.005000,-0.005000,0,0.957000,0.013000,-0.015000,0,,,,,,,,,,<a refstr=STASSUN_ET_AL__2019 href=https://ui.adsabs.harvard.edu/abs/2019AJ....158..138S/abstract target=ref>TICv8</a>,19h41m11.49s,295.2978883,+46d55m13.55s,46.9204303,1025.02000000,30.64450000,-30.64450000,15.3100000,0.1150000,-0.1150000,13.5350000,0.0410000,-0.0410000,15.1626000,0.0006900,-0.0006900,2019-04-22,2019-05,2019-04-25
Kepler-65 e,Kepler-65,1,1,4,Radial Velocity,2019,W. M. Keck Observatory,Published Confirmed,0,<a refstr=MILLS_ET_AL__2019 href=https://ui.adsabs.harvard.edu/abs/2019AJ....157..145M/abstract target=ref>Mills et al. 2019</a>,258.80000000000,1.50000000000,-1.30000000000,0,,,,,,,,,,,,,260.00000000,200.00000000,-50.00000000,0,0.82000000,0.63000000,-0.16000000,0,Mass,0.283000,0.064000,-0.071000,0,,,,,,,,,0,<a refstr=MILLS_ET_AL__2019 href=https://ui.adsabs.harvard.edu/abs/2019AJ....157..145M/abstract target=ref>Mills et al. 2019</a>,,,,,,1.437000,0.032000,-0.027000,0,1.248000,0.018000,-0.021000,0,,,,,,,,,,<a refstr=STASSUN_ET_AL__2019 href=https://ui.adsabs.harvard.edu/abs/2019AJ....158..138S/abstract target=ref>TICv8</a>,19h14m45.29s,288.6887221,+41d09m03.99s,41.1511076,303.72800000,2.70800000,-2.66100000,10.9220000,0.0080000,-0.0080000,9.8060000,0.0170000,-0.0170000,10.9656000,0.0003860,-0.0003860,2019-06-07,2019-04,2019-06-13
Kepler-65 e,Kepler-65,0,1,4,Radial Velocity,2019,W. M. Keck Observatory,Published Confirmed,0,<a refstr=WEISS_ET_AL__2024 href=https://ui.adsabs.harvard.edu/abs/2024ApJS..270....8W/abstract target=ref>Weiss et al. 2024</a>,257.89503900000,0.82491800000,-0.82491800000,0,0.8539307544,,,0,,,,,,,,,216.81986570,22.07963192,-22.07963192,0,0.68219159,0.06947029,-0.06947029,0,Msini,0.298885,0.019958,-0.019958,0,,,,,,,,,0,<a refstr=WEISS_ET_AL__2024 href=https://ui.adsabs.harvard.edu/abs/2024ApJS..270....8W/abstract target=ref>Weiss et al. 2024</a>,,,,,,,,,,1.249000,0.032500,-0.032500,0,,,,,,,,,,<a refstr=STASSUN_ET_AL__2019 href=https://ui.adsabs.harvard.edu/abs/2019AJ....158..138S/abstract target=ref>TICv8</a>,19h14m45.29s,288.6887221,+41d09m03.99s,41.1511076,303.72800000,2.70800000,-2.66100000,10.9220000,0.0080000,-0.0080000,9.8060000,0.0170000,-0.0170000,10.9656000,0.0003860,-0.0003860,2024-02-16,2024-01,2024-02-16
Kepler-82 f,Kepler-82,1,1,5,Transit Timing Variations,2019,KOINet,Published Confirmed,0,<a refstr=FREUDENTHAL_ET_AL__2019 href=https://ui.adsabs.harvard.edu/abs/2019A&A...628A.108F/abstract target=ref>Freudenthal et al. 2019</a>,75.73200000000,0.01200000000,-0.01200000000,0,0.3395000000,0.0041000000,-0.0041000000,0,,,,,,,,,20.90000000,1.00000000,-1.00000000,0,0.06575842,0.00314634,-0.00314634,0,Mass,0.001400,0.001800,-0.001000,0,,,,,,,,,0,<a refstr=FREUDENTHAL_ET_AL__2019 href=https://ui.adsabs.harvard.edu/abs/2019A&A...628A.108F/abstract target=ref>Freudenthal et al. 2019</a>,,,,,,0.898000,0.042000,-0.018000,0,0.910000,0.030000,-0.030000,0,,,,,,,,,,<a refstr=STASSUN_ET_AL__2019 href=https://ui.adsabs.harvard.edu/abs/2019AJ....158..138S/abstract target=ref>TICv8</a>,19h31m29.61s,292.8733696,+42d57m58.17s,42.9661583,904.32600000,22.08750000,-22.08750000,15.1310000,0.4920000,-0.4920000,13.5180000,0.0480000,-0.0480000,15.1377000,0.0003700,-0.0003700,2019-07-19,2019-08,2019-07-25
L 98-59 b,L 98-59,0,1,5,Transit,2019,Transiting Exoplanet Survey Satellite (TESS),Published Confirmed,0,<a refstr=DEMANGEON_ET_AL__2021 href=https://ui.adsabs.harvard.edu/abs/2021A&A...653A..41D/abstract target=ref>Demangeon et al. 2021</a>,2.25311360000,0.00000120000,-0.00000150000,0,0.0219100000,0.0008000000,-0.0008400000,0,0.85000000,0.06100000,-0.04700000,0,0.07583205,0.00544206,-0.00419307,0,0.40000000,0.16000000,-0.15000000,0,0.00125854,0.00050342,-0.00047195,0,Mass,0.103000,0.117000,-0.045000,0,24.7000,5.0000,-4.1000,0,627.00,33.00,-36.00,0,0,<a refstr=DEMANGEON_ET_AL__2021 href=https://ui.adsabs.harvard.edu/abs/2021A&A...653A..41D/abstract target=ref>Demangeon et al. 2021</a>,M3 V,3415.00,135.00,-135.00,0,0.303000,0.026000,-0.023000,0,0.273000,0.030000,-0.030000,0,-0.4600,0.2600,-0.2600,0,[Fe/H],4.860000,0.130000,-0.130000,0,<a refstr=STASSUN_ET_AL__2019 href=https://ui.adsabs.harvard.edu/abs/2019AJ....158..138S/abstract target=ref>TICv8</a>,08h18m07.89s,124.5328604,-68d18m52.08s,-68.3144658,10.61940000,0.00320000,-0.00320000,11.6850000,0.0170000,-0.0170000,7.1010000,0.0180000,-0.0180000,10.5976000,0.0007650,-0.0007650,2021-08-23,2021-09,2021-08-23
L 98-59 b,L 98-59,1,1,5,Transit,2019,Transiting Exoplanet Survey Satellite (TESS),Published Confirmed,0,<a refstr=CADIEUX_ET_AL__2025 href=https://ui.adsabs.harvard.edu/abs/2025arXiv250709343C/abstract target=ref>Cadieux et al. 2025</a>,2.25311400000,0.00000040000,-0.00000040000,0,0.0223000000,0.0007000000,-0.0007000000,0,0.83700000,0.01900000,-0.01900000,0,0.07467227,0.00169507,-0.00169507,0,0.46000000,0.11000000,-0.11000000,0,0.00144732,0.00034610,-0.00034610,0,Mass,0.031000,0.017000,-0.016000,0,24.5000,2.5000,-2.5000,0,620.00,13.00,-13.00,0,0,<a refstr=CADIEUX_ET_AL__2025 href=https://ui.adsabs.harvard.edu/abs/2025arXiv250709343C/abstract target=ref>Cadieux et al. 2025</a>,M3 V,3415.00,60.00,-60.00,0,0.315500,0.006200,-0.006200,0,0.292300,0.006700,-0.006700,0,-0.4600,0.2600,-0.2600,0,[Fe/H],4.910000,0.020000,-0.020000,0,<a refstr=STASSUN_ET_AL__2019 href=https://ui.adsabs.harvard.edu/abs/2019AJ....158..138S/abstract target=ref>TICv8</a>,08h18m07.89s,124.5328604,-68d18m52.08s,-68.3144658,10.61940000,0.00320000,-0.00320000,11.6850000,0.0170000,-0.0170000,7.1010000,0.0180000,-0.0180000,10.5976000,0.0007650,-0.0007650,2025-07-29,2025-07,2025-07-29
L 98-59 b,L 98-59,0,1,5,Transit,2019,Transiting Exoplanet Survey Satellite (TESS),Published Confirmed,0,<a refstr=KOKORI_ET_AL__2023 href=https://ui.adsabs.harvard.edu/abs/2023ApJS..265....4K/abstract target=ref>Kokori et al. 2023</a>,2.25311540000,0.00000170000,-0.00000170000,0,,,,,,,,,,,,,,,,,,,,,,0.103000,0.117000,-0.045000,0,,,,,,,,,0,<a refstr=KOSTOV_ET_AL__2019 href=https://ui.adsabs.harvard.edu/abs/2019AJ....158...32K/abstract target=ref>Kostov et al. 2019</a>,M3 V,3367.00,150.00,-150.00,0,0.312000,0.014000,-0.014000,0,0.313000,0.014000,-0.014000,0,-0.5000,0.5000,-0.5000,0,[Fe/H],,,,,<a refstr=STASSUN_ET_AL__2019 href=https://ui.adsabs.harvard.edu/abs/2019AJ....158..138S/abstract target=ref>TICv8</a>,08h18m07.89s,124.5328604,-68d18m52.08s,-68.3144658,10.61940000,0.00320000,-0.00320000,11.6850000,0.0170000,-0.0170000,7.1010000,0.0180000,-0.0180000,10.5976000,0.0007650,-0.0007650,2024-03-04,2023-03,2024-03-04
L 98-59 b,L 98-59,0,1,5,Transit,2019,Transiting Exoplanet Survey Satellite (TESS),Published Confirmed,0,<a refstr=CLOUTIER_ET_AL__2019 href=https://ui.adsabs.harvard.edu/abs/2019A&A...629A.111C/abstract target=ref>Cloutier et al. 2019</a>,2.25310000000,0.00040000000,-0.00040000000,0,0.0228200000,0.0000800000,-0.0000800000,0,0.80000000,0.05000000,-0.05000000,0,0.07137122,0.00446070,-0.00446070,0,1.01000000,,,1,0.00317780,,,1,Mass,0.120000,,,1,,,,,610.00,13.00,-13.00,0,0,<a refstr=CLOUTIER_ET_AL__2019 href=https://ui.adsabs.harvard.edu/abs/2019A&A...629A.111C/abstract target=ref>Cloutier et al. 2019</a>,M3 V,3412.00,49.00,-49.00,0,0.314000,0.014000,-0.014000,0,0.312000,0.031000,-0.031000,0,-0.5000,0.5000,-0.5000,0,[Fe/H],4.940000,0.060000,-0.060000,0,<a refstr=STASSUN_ET_AL__2019 href=https://ui.adsabs.harvard.edu/abs/2019AJ....158..138S/abstract target=ref>TICv8</a>,08h18m07.89s,124.5328604,-68d18m52.08s,-68.3144658,10.61940000,0.00320000,-0.00320000,11.6850000,0.0170000,-0.0170000,7.1010000,0.0180000,-0.0180000,10.5976000,0.0007650,-0.0007650,2020-04-10,2019-09,2020-04-16
L 98-59 b,L 98-59,0,1,5,Transit,2019,Transiting Exoplanet Survey Satellite (TESS),TESS Project Candidate,0,<a refstr=EXOFOP_TESS_TOI href=https://exofop.ipac.caltech.edu/tess/view_toi.php target=ref>ExoFOP-TESS TOI</a>,2.25310616175,0.00000198691,-0.00000198691,0,,,,,0.82663500,0.38915795,-0.38915795,0,0.07374756,0.03471841,-0.03471841,0,,,,,,,,,,,,,,24.4782,,,0,567.30,,,0,0,<a refstr=EXOFOP_TESS_TOI href=https://exofop.ipac.caltech.edu/tess/view_toi.php target=ref>ExoFOP-TESS TOI</a>,,3469.00,68.00,-68.00,0,0.314160,0.009324,-0.009324,0,,,,,,,,,,4.940100,0.058929,-0.058929,0,<a refstr=STASSUN_ET_AL__2019 href=https://ui.adsabs.harvard.edu/abs/2019AJ....158..138S/abstract target=ref>TICv8</a>,08h18m07.89s,124.5328604,-68d18m52.08s,-68.3144658,10.61940000,0.00320000,-0.00320000,11.6850000,0.0170000,-0.0170000,7.1010000,0.0180000,-0.0180000,10.5976000,0.0007650,-0.0007650,2025-07-29,2017-07,2023-05-15
L 98-59 b,L 98-59,0,1,5,Transit,2019,Transiting Exoplanet Survey Satellite (TESS),Published Confirmed,0,<a refstr=KOSTOV_ET_AL__2019 href=https://ui.adsabs.harvard.edu/abs/2019AJ....158...32K/abstract target=ref>Kostov et al. 2019</a>,2.25314000000,0.00002000000,-0.00002000000,0,0.0233000000,0.0017000000,-0.0017000000,0,0.80000000,0.05000000,-0.05000000,0,0.07137122,0.00446070,-0.00446070,0,,,,,,,,,,0.100000,0.170000,-0.070000,0,23.9000,5.3000,-4.4000,0,,,,,0,<a refstr=KOSTOV_ET_AL__2019 href=https://ui.adsabs.harvard.edu/abs/2019AJ....158...32K/abstract target=ref>Kostov et al. 2019</a>,M3 V,3367.00,150.00,-150.00,0,0.312000,0.014000,-0.014000,0,0.313000,0.014000,-0.014000,0,-0.5000,0.5000,-0.5000,0,[Fe/H],,,,,<a refstr=STASSUN_ET_AL__2019 href=https://ui.adsabs.harvard.edu/abs/2019AJ....158..138S/abstract target=ref>TICv8</a>,08h18m07.89s,124.5328604,-68d18m52.08s,-68.3144658,10.61940000,0.00320000,-0.00320000,11.6850000,0.0170000,-0.0170000,7.1010000,0.0180000,-0.0180000,10.5976000,0.0007650,-0.0007650,2020-04-10,2019-07,2019-06-13
L 98-59 b,L 98-59,0,1,5,Transit,2019,Transiting Exoplanet Survey Satellite (TESS),Published Confirmed,0,<a refstr=RAJPAUL_ET_AL__2024 href=https://ui.adsabs.harvard.edu/abs/2024MNRAS.530.4665R/abstract target=ref>Rajpaul et al. 2024</a>,,,,,,,,,,,,,,,,,0.47000000,0.13000000,-0.15000000,0,0.00147879,0.00040903,-0.00047195,0,Mass,0.167000,0.034000,-0.160000,0,,,,,,,,,0,<a refstr=RAJPAUL_ET_AL__2024 href=https://ui.adsabs.harvard.edu/abs/2024MNRAS.530.4665R/abstract target=ref>Rajpaul et al. 2024</a>,,,,,,,,,,,,,,,,,,,,,,,<a refstr=STASSUN_ET_AL__2019 href=https://ui.adsabs.harvard.edu/abs/2019AJ....158..138S/abstract target=ref>TICv8</a>,08h18m07.89s,124.5328604,-68d18m52.08s,-68.3144658,10.61940000,0.00320000,-0.00320000,11.6850000,0.0170000,-0.0170000,7.1010000,0.0180000,-0.0180000,10.5976000,0.0007650,-0.0007650,2024-06-10,2024-06,2024-06-10
L 98-59 c,L 98-59,0,1,5,Transit,2019,Transiting Exoplanet Survey Satellite (TESS),Published Confirmed,0,<a refstr=KOSTOV_ET_AL__2019 href=https://ui.adsabs.harvard.edu/abs/2019AJ....158...32K/abstract target=ref>Kostov et al. 2019</a>,3.69062100000,0.00001300000,-0.00001400000,0,0.0324000000,0.0023000000,-0.0024000000,0,1.35000000,0.08000000,-0.07000000,0,0.12043893,0.00713712,-0.00624498,0,,,,,,,,,,0.090000,0.160000,-0.070000,0,12.4000,2.8000,-2.3000,0,,,,,1,<a refstr=KOSTOV_ET_AL__2019 href=https://ui.adsabs.harvard.edu/abs/2019AJ....158...32K/abstract target=ref>Kostov et al. 2019</a>,M3 V,3367.00,150.00,-150.00,0,0.312000,0.014000,-0.014000,0,0.313000,0.014000,-0.014000,0,-0.5000,0.5000,-0.5000,0,[Fe/H],,,,,<a refstr=STASSUN_ET_AL__2019 href=https://ui.adsabs.harvard.edu/abs/2019AJ....158..138S/abstract target=ref>TICv8</a>,08h18m07.89s,124.5328604,-68d18m52.08s,-68.3144658,10.61940000,0.00320000,-0.00320000,11.6850000,0.0170000,-0.0170000,7.1010000,0.0180000,-0.0180000,10.5976000,0.0007650,-0.0007650,2020-04-10,2019-07,2019-06-13
L 98-59 c,L 98-59,0,1,5,Transit,2019,Transiting Exoplanet Survey Satellite (TESS),Published Confirmed,0,<a refstr=RAJPAUL_ET_AL__2024 href=https://ui.adsabs.harvard.edu/abs/2024MNRAS.530.4665R/abstract target=ref>Rajpaul et al. 2024</a>,,,,,,,,,,,,,,,,,2.25000000,0.24000000,-0.24000000,0,0.00707929,0.00075512,-0.00075512,0,Mass,0.049000,0.015000,-0.047000,0,,,,,,,,,1,<a refstr=RAJPAUL_ET_AL__2024 href=https://ui.adsabs.harvard.edu/abs/2024MNRAS.530.4665R/abstract target=ref>Rajpaul et al. 2024</a>,,,,,,,,,,,,,,,,,,,,,,,<a refstr=STASSUN_ET_AL__2019 href=https://ui.adsabs.harvard.edu/abs/2019AJ....158..138S/abstract target=ref>TICv8</a>,08h18m07.89s,124.5328604,-68d18m52.08s,-68.3144658,10.61940000,0.00320000,-0.00320000,11.6850000,0.0170000,-0.0170000,7.1010000,0.0180000,-0.0180000,10.5976000,0.0007650,-0.0007650,2024-06-10,2024-06,2024-06-10
L 98-59 c,L 98-59,0,1,5,Transit,2019,Transiting Exoplanet Survey Satellite (TESS),Published Confirmed,0,<a refstr=CLOUTIER_ET_AL__2019 href=https://ui.adsabs.harvard.edu/abs/2019A&A...629A.111C/abstract target=ref>Cloutier et al. 2019</a>,3.69040000000,0.00030000000,-0.00030000000,0,0.0317000000,0.0001000000,-0.0001000000,0,1.35000000,0.07000000,-0.07000000,0,0.12043893,0.00624498,-0.00624498,0,2.42000000,0.35000000,-0.34000000,0,0.00761413,0.00110122,-0.00106975,0,Mass,0.070000,,,1,,,,,517.00,11.00,-11.00,0,1,<a refstr=CLOUTIER_ET_AL__2019 href=https://ui.adsabs.harvard.edu/abs/2019A&A...629A.111C/abstract target=ref>Cloutier et al. 2019</a>,M3 V,3412.00,49.00,-49.00,0,0.314000,0.014000,-0.014000,0,0.312000,0.031000,-0.031000,0,-0.5000,0.5000,-0.5000,0,[Fe/H],4.940000,0.060000,-0.060000,0,<a refstr=STASSUN_ET_AL__2019 href=https://ui.adsabs.harvard.edu/abs/2019AJ....158..138S/abstract target=ref>TICv8</a>,08h18m07.89s,124.5328604,-68d18m52.08s,-68.3144658,10.61940000,0.00320000,-0.00320000,11.6850000,0.0170000,-0.0170000,7.1010000,0.0180000,-0.0180000,10.5976000,0.0007650,-0.0007650,2020-04-10,2019-09,2020-04-16
L 98-59 c,L 98-59,1,1,5,Transit,2019,Transiting Exoplanet Survey Satellite (TESS),Published Confirmed,0,<a refstr=CADIEUX_ET_AL__2025 href=https://ui.adsabs.harvard.edu/abs/2025arXiv250709343C/abstract target=ref>Cadieux et al. 2025</a>,3.69067640000,0.00000040000,-0.00000040000,0,0.0309000000,0.0010000000,-0.0010000000,0,1.32900000,0.02900000,-0.02900000,0,0.11856564,0.00258721,-0.00258721,0,2.00000000,0.13000000,-0.13000000,0,0.00629270,0.00040903,-0.00040903,0,Mass,0.002000,0.002000,-0.001000,0,12.7000,1.3000,-1.3000,0,526.00,11.00,-11.00,0,1,<a refstr=CADIEUX_ET_AL__2025 href=https://ui.adsabs.harvard.edu/abs/2025arXiv250709343C/abstract target=ref>Cadieux et al. 2025</a>,M3 V,3415.00,60.00,-60.00,0,0.315500,0.006200,-0.006200,0,0.292300,0.006700,-0.006700,0,-0.4600,0.2600,-0.2600,0,[Fe/H],4.910000,0.020000,-0.020000,0,<a refstr=STASSUN_ET_AL__2019 href=https://ui.adsabs.harvard.edu/abs/2019AJ....158..138S/abstract target=ref>TICv8</a>,08h18m07.89s,124.5328604,-68d18m52.08s,-68.3144658,10.61940000,0.00320000,-0.00320000,11.6850000,0.0170000,-0.0170000,7.1010000,0.0180000,-0.0180000,10.5976000,0.0007650,-0.0007650,2025-07-29,2025-07,2025-07-29
L 98-59 c,L 98-59,0,1,5,Transit,2019,Transiting Exoplanet Survey Satellite (TESS),Published Confirmed,0,<a refstr=KOKORI_ET_AL__2023 href=https://ui.adsabs.harvard.edu/abs/2023ApJS..265....4K/abstract target=ref>Kokori et al. 2023</a>,3.69067160000,0.00000150000,-0.00000150000,0,,,,,,,,,,,,,,,,,,,,,,0.103000,0.045000,-0.058000,0,,,,,,,,,1,<a refstr=KOSTOV_ET_AL__2019 href=https://ui.adsabs.harvard.edu/abs/2019AJ....158...32K/abstract target=ref>Kostov et al. 2019</a>,M3 V,3367.00,150.00,-150.00,0,0.312000,0.014000,-0.014000,0,0.313000,0.014000,-0.014000,0,-0.5000,0.5000,-0.5000,0,[Fe/H],,,,,<a refstr=STASSUN_ET_AL__2019 href=https://ui.adsabs.harvard.edu/abs/2019AJ....158..138S/abstract target=ref>TICv8</a>,08h18m07.89s,124.5328604,-68d18m52.08s,-68.3144658,10.61940000,0.00320000,-0.00320000,11.6850000,0.0170000,-0.0170000,7.1010000,0.0180000,-0.0180000,10.5976000,0.0007650,-0.0007650,2024-03-04,2023-03,2024-03-04
L 98-59 c,L 98-59,0,1,5,Transit,2019,Transiting Exoplanet Survey Satellite (TESS),TESS Project Candidate,0,<a refstr=EXOFOP_TESS_TOI href=https://exofop.ipac.caltech.edu/tess/view_toi.php target=ref>ExoFOP-TESS TOI</a>,3.69067585780,0.00000100800,-0.00000100800,0,,,,,1.36751000,0.04480170,-0.04480170,0,0.12200128,0.00399695,-0.00399695,0,,,,,,,,,,,,,,8.7740,,,0,479.00,,,0,1,<a refstr=EXOFOP_TESS_TOI href=https://exofop.ipac.caltech.edu/tess/view_toi.php target=ref>ExoFOP-TESS TOI</a>,,3469.00,68.00,-68.00,0,0.310000,0.010000,-0.010000,0,,,,,,,,,,4.940100,0.058929,-0.058929,0,<a refstr=STASSUN_ET_AL__2019 href=https://ui.adsabs.harvard.edu/abs/2019AJ....158..138S/abstract target=ref>TICv8</a>,08h18m07.89s,124.5328604,-68d18m52.08s,-68.3144658,10.61940000,0.00320000,-0.00320000,11.6850000,0.0170000,-0.0170000,7.1010000,0.0180000,-0.0180000,10.5976000,0.0007650,-0.0007650,2025-07-29,2017-07,2023-05-15
L 98-59 c,L 98-59,0,1,5,Transit,2019,Transiting Exoplanet Survey Satellite (TESS),Published Confirmed,0,<a refstr=DEMANGEON_ET_AL__2021 href=https://ui.adsabs.harvard.edu/abs/2021A&A...653A..41D/abstract target=ref>Demangeon et al. 2021</a>,3.69067770000,0.00000160000,-0.00000260000,0,0.0304000000,0.0011000000,-0.0012000000,0,1.38500000,0.09500000,-0.07500000,0,0.12356164,0.00847535,-0.00669106,0,2.22000000,0.26000000,-0.25000000,0,0.00698490,0.00081805,-0.00078659,0,Mass,0.103000,0.045000,-0.058000,0,12.8000,2.6000,-2.1000,0,553.00,27.00,-26.00,0,1,<a refstr=DEMANGEON_ET_AL__2021 href=https://ui.adsabs.harvard.edu/abs/2021A&A...653A..41D/abstract target=ref>Demangeon et al. 2021</a>,M3 V,3415.00,135.00,-135.00,0,0.303000,0.026000,-0.023000,0,0.273000,0.030000,-0.030000,0,-0.4600,0.2600,-0.2600,0,[Fe/H],4.860000,0.130000,-0.130000,0,<a refstr=STASSUN_ET_AL__2019 href=https://ui.adsabs.harvard.edu/abs/2019AJ....158..138S/abstract target=ref>TICv8</a>,08h18m07.89s,124.5328604,-68d18m52.08s,-68.3144658,10.61940000,0.00320000,-0.00320000,11.6850000,0.0170000,-0.0170000,7.1010000,0.0180000,-0.0180000,10.5976000,0.0007650,-0.0007650,2021-08-23,2021-09,2021-08-23
L 98-59 c,L 98-59,0,1,5,Transit,2019,Transiting Exoplanet Survey Satellite (TESS),Published Confirmed,0,<a refstr=LUQUE__AMP__PALL_EACUTE__2022 href=https://ui.adsabs.harvard.edu/abs/2022Sci...377.1211L/abstract target=ref>Luque &amp; Pall&eacute; 2022</a>,3.69067450000,0.00000250000,-0.00000250000,0,,,,,1.34000000,0.07000000,-0.07000000,0,0.11954700,0.00624499,-0.00624499,0,2.42000000,0.35000000,-0.34000000,0,0.00761417,0.00110122,-0.00106976,0,Mass,0.000000,,,0,,,,,,,,,1,<a refstr=CLOUTIER_ET_AL__2019 href=https://ui.adsabs.harvard.edu/abs/2019A&A...629A.111C/abstract target=ref>Cloutier et al. 2019</a>,M3 V,3412.00,49.00,-49.00,0,0.314000,0.014000,-0.014000,0,0.312000,0.031000,-0.031000,0,-0.5000,0.5000,-0.5000,0,[Fe/H],4.940000,0.060000,-0.060000,0,<a refstr=STASSUN_ET_AL__2019 href=https://ui.adsabs.harvard.edu/abs/2019AJ....158..138S/abstract target=ref>TICv8</a>,08h18m07.89s,124.5328604,-68d18m52.08s,-68.3144658,10.61940000,0.00320000,-0.00320000,11.6850000,0.0170000,-0.0170000,7.1010000,0.0180000,-0.0180000,10.5976000,0.0007650,-0.0007650,2023-07-10,2022-09,2023-07-10
L 98-59 d,L 98-59,0,1,5,Transit,2019,Transiting Exoplanet Survey Satellite (TESS),TESS Project Candidate,0,<a refstr=EXOFOP_TESS_TOI href=https://exofop.ipac.caltech.edu/tess/view_toi.php target=ref>ExoFOP-TESS TOI</a>,7.45073050000,0.00000320000,-0.00000320000,0,,,,,3.04528000,0.85643400,-0.85643400,0,0.27168215,0.07640606,-0.07640606,0,,,,,,,,,,,,,,1.9606,,,0,329.00,,,0,1,<a refstr=EXOFOP_TESS_TOI href=https://exofop.ipac.caltech.edu/tess/view_toi.php target=ref>ExoFOP-TESS TOI</a>,,3469.00,68.00,-68.00,0,0.310000,0.010000,-0.010000,0,,,,,,,,,,4.940100,0.058929,-0.058929,0,<a refstr=STASSUN_ET_AL__2019 href=https://ui.adsabs.harvard.edu/abs/2019AJ....158..138S/abstract target=ref>TICv8</a>,08h18m07.89s,124.5328604,-68d18m52.08s,-68.3144658,10.61940000,0.00320000,-0.00320000,11.6850000,0.0170000,-0.0170000,7.1010000,0.0180000,-0.0180000,10.5976000,0.0007650,-0.0007650,2023-05-15,2017-07,2023-05-15
L 98-59 d,L 98-59,0,1,5,Transit,2019,Transiting Exoplanet Survey Satellite (TESS),Published Confirmed,0,<a refstr=CLOUTIER_ET_AL__2019 href=https://ui.adsabs.harvard.edu/abs/2019A&A...629A.111C/abstract target=ref>Cloutier et al. 2019</a>,7.45120000000,0.00070000000,-0.00070000000,0,0.0506000000,0.0002000000,-0.0002000000,0,1.57000000,0.14000000,-0.14000000,0,0.14006602,0.01248996,-0.01248996,0,2.31000000,0.46000000,-0.45000000,0,0.00726804,0.00144731,-0.00141585,0,Mass,0.090000,,,1,,,,,409.00,8.00,-8.00,0,1,<a refstr=CLOUTIER_ET_AL__2019 href=https://ui.adsabs.harvard.edu/abs/2019A&A...629A.111C/abstract target=ref>Cloutier et al. 2019</a>,M3 V,3412.00,49.00,-49.00,0,0.314000,0.014000,-0.014000,0,0.312000,0.031000,-0.031000,0,-0.5000,0.5000,-0.5000,0,[Fe/H],4.940000,0.060000,-0.060000,0,<a refstr=STASSUN_ET_AL__2019 href=https://ui.adsabs.harvard.edu/abs/2019AJ....158..138S/abstract target=ref>TICv8</a>,08h18m07.89s,124.5328604,-68d18m52.08s,-68.3144658,10.61940000,0.00320000,-0.00320000,11.6850000,0.0170000,-0.0170000,7.1010000,0.0180000,-0.0180000,10.5976000,0.0007650,-0.0007650,2020-04-10,2019-09,2020-04-16
L 98-59 d,L 98-59,0,1,5,Transit,2019,Transiting Exoplanet Survey Satellite (TESS),Published Confirmed,0,<a refstr=RAJPAUL_ET_AL__2024 href=https://ui.adsabs.harvard.edu/abs/2024MNRAS.530.4665R/abstract target=ref>Rajpaul et al. 2024</a>,,,,,,,,,,,,,,,,,2.14000000,0.25000000,-0.29000000,0,0.00673319,0.00078659,-0.00091244,0,Mass,0.098000,0.027000,-0.096000,0,,,,,,,,,1,<a refstr=RAJPAUL_ET_AL__2024 href=https://ui.adsabs.harvard.edu/abs/2024MNRAS.530.4665R/abstract target=ref>Rajpaul et al. 2024</a>,,,,,,,,,,,,,,,,,,,,,,,<a refstr=STASSUN_ET_AL__2019 href=https://ui.adsabs.harvard.edu/abs/2019AJ....158..138S/abstract target=ref>TICv8</a>,08h18m07.89s,124.5328604,-68d18m52.08s,-68.3144658,10.61940000,0.00320000,-0.00320000,11.6850000,0.0170000,-0.0170000,7.1010000,0.0180000,-0.0180000,10.5976000,0.0007650,-0.0007650,2024-06-10,2024-06,2024-06-10
L 98-59 d,L 98-59,0,1,5,Transit,2019,Transiting Exoplanet Survey Satellite (TESS),Published Confirmed,0,<a refstr=KOSTOV_ET_AL__2019 href=https://ui.adsabs.harvard.edu/abs/2019AJ....158...32K/abstract target=ref>Kostov et al. 2019</a>,7.45086000000,0.00004000000,-0.00005000000,0,0.0520000000,0.0040000000,-0.0040000000,0,1.57000000,0.14000000,-0.14000000,0,0.14006602,0.01248996,-0.01248996,0,,,,,,,,,,0.200000,0.320000,-0.160000,0,4.8500,1.0800,-0.8900,0,,,,,1,<a refstr=KOSTOV_ET_AL__2019 href=https://ui.adsabs.harvard.edu/abs/2019AJ....158...32K/abstract target=ref>Kostov et al. 2019</a>,M3 V,3367.00,150.00,-150.00,0,0.312000,0.014000,-0.014000,0,0.313000,0.014000,-0.014000,0,-0.5000,0.5000,-0.5000,0,[Fe/H],,,,,<a refstr=STASSUN_ET_AL__2019 href=https://ui.adsabs.harvard.edu/abs/2019AJ....158..138S/abstract target=ref>TICv8</a>,08h18m07.89s,124.5328604,-68d18m52.08s,-68.3144658,10.61940000,0.00320000,-0.00320000,11.6850000,0.0170000,-0.0170000,7.1010000,0.0180000,-0.0180000,10.5976000,0.0007650,-0.0007650,2020-04-10,2019-07,2019-06-13
L 98-59 d,L 98-59,0,1,5,Transit,2019,Transiting Exoplanet Survey Satellite (TESS),Published Confirmed,0,<a refstr=KOKORI_ET_AL__2023 href=https://ui.adsabs.harvard.edu/abs/2023ApJS..265....4K/abstract target=ref>Kokori et al. 2023</a>,7.45073700000,0.00000540000,-0.00000540000,0,,,,,,,,,,,,,,,,,,,,,,0.074000,0.057000,-0.046000,0,,,,,,,,,1,<a refstr=KOSTOV_ET_AL__2019 href=https://ui.adsabs.harvard.edu/abs/2019AJ....158...32K/abstract target=ref>Kostov et al. 2019</a>,M3 V,3367.00,150.00,-150.00,0,0.312000,0.014000,-0.014000,0,0.313000,0.014000,-0.014000,0,-0.5000,0.5000,-0.5000,0,[Fe/H],,,,,<a refstr=STASSUN_ET_AL__2019 href=https://ui.adsabs.harvard.edu/abs/2019AJ....158..138S/abstract target=ref>TICv8</a>,08h18m07.89s,124.5328604,-68d18m52.08s,-68.3144658,10.61940000,0.00320000,-0.00320000,11.6850000,0.0170000,-0.0170000,7.1010000,0.0180000,-0.0180000,10.5976000,0.0007650,-0.0007650,2024-03-04,2023-03,2024-03-04
L 98-59 d,L 98-59,1,1,5,Transit,2019,Transiting Exoplanet Survey Satellite (TESS),Published Confirmed,0,<a refstr=CADIEUX_ET_AL__2025 href=https://ui.adsabs.harvard.edu/abs/2025arXiv250709343C/abstract target=ref>Cadieux et al. 2025</a>,7.45072900000,0.00000200000,-0.00000200000,0,0.0494000000,0.0016000000,-0.0016000000,0,1.62700000,0.04100000,-0.04100000,0,0.14515147,0.00365778,-0.00365778,0,1.64000000,0.07000000,-0.07000000,0,0.00516002,0.00022024,-0.00022024,0,Mass,0.006000,0.007000,-0.004000,0,4.9700,0.5200,-0.5200,0,416.00,9.00,-9.00,0,1,<a refstr=CADIEUX_ET_AL__2025 href=https://ui.adsabs.harvard.edu/abs/2025arXiv250709343C/abstract target=ref>Cadieux et al. 2025</a>,M3 V,3415.00,60.00,-60.00,0,0.315500,0.006200,-0.006200,0,0.292300,0.006700,-0.006700,0,-0.4600,0.2600,-0.2600,0,[Fe/H],4.910000,0.020000,-0.020000,0,<a refstr=STASSUN_ET_AL__2019 href=https://ui.adsabs.harvard.edu/abs/2019AJ....158..138S/abstract target=ref>TICv8</a>,08h18m07.89s,124.5328604,-68d18m52.08s,-68.3144658,10.61940000,0.00320000,-0.00320000,11.6850000,0.0170000,-0.0170000,7.1010000,0.0180000,-0.0180000,10.5976000,0.0007650,-0.0007650,2025-07-29,2025-07,2025-07-29
L 98-59 d,L 98-59,0,1,5,Transit,2019,Transiting Exoplanet Survey Satellite (TESS),Published Confirmed,0,<a refstr=LUQUE__AMP__PALL_EACUTE__2022 href=https://ui.adsabs.harvard.edu/abs/2022Sci...377.1211L/abstract target=ref>Luque &amp; Pall&eacute; 2022</a>,7.45072900000,0.00000600000,-0.00000600000,0,,,,,1.58000000,0.08000000,-0.08000000,0,0.14095840,0.00713713,-0.00713713,0,2.31000000,0.46000000,-0.45000000,0,0.00726807,0.00144732,-0.00141586,0,Mass,0.000000,,,0,,,,,,,,,1,<a refstr=CLOUTIER_ET_AL__2019 href=https://ui.adsabs.harvard.edu/abs/2019A&A...629A.111C/abstract target=ref>Cloutier et al. 2019</a>,M3 V,3412.00,49.00,-49.00,0,0.314000,0.014000,-0.014000,0,0.312000,0.031000,-0.031000,0,-0.5000,0.5000,-0.5000,0,[Fe/H],4.940000,0.060000,-0.060000,0,<a refstr=STASSUN_ET_AL__2019 href=https://ui.adsabs.harvard.edu/abs/2019AJ....158..138S/abstract target=ref>TICv8</a>,08h18m07.89s,124.5328604,-68d18m52.08s,-68.3144658,10.61940000,0.00320000,-0.00320000,11.6850000,0.0170000,-0.0170000,7.1010000,0.0180000,-0.0180000,10.5976000,0.0007650,-0.0007650,2023-07-10,2022-09,2023-07-10
L 98-59 d,L 98-59,0,1,5,Transit,2019,Transiting Exoplanet Survey Satellite (TESS),Published Confirmed,0,<a refstr=DEMANGEON_ET_AL__2021 href=https://ui.adsabs.harvard.edu/abs/2021A&A...653A..41D/abstract target=ref>Demangeon et al. 2021</a>,7.45072450000,0.00000810000,-0.00000460000,0,0.0486000000,0.0018000000,-0.0019000000,0,1.52100000,0.11900000,-0.09800000,0,0.13569476,0.01061649,-0.00874299,0,1.94000000,0.28000000,-0.28000000,0,0.00610392,0.00088098,-0.00088098,0,Mass,0.074000,0.057000,-0.046000,0,5.0100,1.0200,-0.8300,0,416.00,20.00,-20.00,0,1,<a refstr=DEMANGEON_ET_AL__2021 href=https://ui.adsabs.harvard.edu/abs/2021A&A...653A..41D/abstract target=ref>Demangeon et al. 2021</a>,M3 V,3415.00,135.00,-135.00,0,0.303000,0.026000,-0.023000,0,0.273000,0.030000,-0.030000,0,-0.4600,0.2600,-0.2600,0,[Fe/H],4.860000,0.130000,-0.130000,0,<a refstr=STASSUN_ET_AL__2019 href=https://ui.adsabs.harvard.edu/abs/2019AJ....158..138S/abstract target=ref>TICv8</a>,08h18m07.89s,124.5328604,-68d18m52.08s,-68.3144658,10.61940000,0.00320000,-0.00320000,11.6850000,0.0170000,-0.0170000,7.1010000,0.0180000,-0.0180000,10.5976000,0.0007650,-0.0007650,2021-08-23,2021-09,2021-08-23
LHS 3844 b,LHS 3844,1,1,1,Transit,2019,Transiting Exoplanet Survey Satellite (TESS),Published Confirmed,0,<a refstr=VANDERSPEK_ET_AL__2019 href=https://ui.adsabs.harvard.edu/abs/2019ApJ...871L..24V/abstract target=ref>Vanderspek et al. 2019</a>,0.46292913000,0.00000190000,-0.00000190000,0,0.0062200000,0.0001700000,-0.0001700000,0,1.30300000,0.02200000,-0.02200000,0,0.11624587,0.00196271,-0.00196271,0,,,,,,,,,,,,,,70.1000,0.5000,-0.5000,0,805.00,20.00,-20.00,0,0,<a refstr=VANDERSPEK_ET_AL__2019 href=https://ui.adsabs.harvard.edu/abs/2019ApJ...871L..24V/abstract target=ref>Vanderspek et al. 2019</a>,M5,3036.00,77.00,-77.00,0,0.189000,0.006000,-0.006000,0,0.151000,0.014000,-0.014000,0,,,,,,5.060000,0.010000,-0.010000,0,<a refstr=STASSUN_ET_AL__2019 href=https://ui.adsabs.harvard.edu/abs/2019AJ....158..138S/abstract target=ref>TICv8</a>,22h41m59.09s,340.4962038,-69d10m19.59s,-69.1721081,14.88460000,0.01130000,-0.01130000,15.2400000,0.0320000,-0.0320000,9.1450010,0.0230000,-0.0230000,13.3925000,0.0007380,-0.0007380,2019-01-22,2019-02,2019-01-24
LHS 3844 b,LHS 3844,0,1,1,Transit,2019,Transiting Exoplanet Survey Satellite (TESS),TESS Project Candidate,0,<a refstr=EXOFOP_TESS_TOI href=https://exofop.ipac.caltech.edu/tess/view_toi.php target=ref>ExoFOP-TESS TOI</a>,0.46288440527,0.00001522491,-0.00001522491,0,,,,,1.35432368,0.18157507,-0.18157507,0,0.12082487,0.01619907,-0.01619907,0,,,,,,,,,,,,,,64.7181,,,0,723.40,,,0,0,<a refstr=EXOFOP_TESS_TOI href=https://exofop.ipac.caltech.edu/tess/view_toi.php target=ref>ExoFOP-TESS TOI</a>,,3043.00,63.00,-63.00,0,0.188624,0.005710,-0.005710,0,,,,,,,,,,5.097070,0.426694,-0.426694,0,<a refstr=STASSUN_ET_AL__2019 href=https://ui.adsabs.harvard.edu/abs/2019AJ....158..138S/abstract target=ref>TICv8</a>,22h41m59.09s,340.4962038,-69d10m19.59s,-69.1721081,14.88460000,0.01130000,-0.01130000,15.2400000,0.0320000,-0.0320000,9.1450010,0.0230000,-0.0230000,13.3925000,0.0007380,-0.0007380,2022-08-08,2017-07,2022-08-08
LHS 3844 b,LHS 3844,0,1,1,Transit,2019,Transiting Exoplanet Survey Satellite (TESS),Published Confirmed,0,<a refstr=KOKORI_ET_AL__2023 href=https://ui.adsabs.harvard.edu/abs/2023ApJS..265....4K/abstract target=ref>Kokori et al. 2023</a>,0.46292964000,0.00000033000,-0.00000033000,0,,,,,,,,,,,,,,,,,,,,,,,,,,,,,,,,,,0,<a refstr=VANDERSPEK_ET_AL__2019 href=https://ui.adsabs.harvard.edu/abs/2019ApJ...871L..24V/abstract target=ref>Vanderspek et al. 2019</a>,M5,3036.00,77.00,-77.00,0,0.189000,0.006000,-0.006000,0,0.151000,0.014000,-0.014000,0,,,,,,5.060000,0.010000,-0.010000,0,<a refstr=STASSUN_ET_AL__2019 href=https://ui.adsabs.harvard.edu/abs/2019AJ....158..138S/abstract target=ref>TICv8</a>,22h41m59.09s,340.4962038,-69d10m19.59s,-69.1721081,14.88460000,0.01130000,-0.01130000,15.2400000,0.0320000,-0.0320000,9.1450010,0.0230000,-0.0230000,13.3925000,0.0007380,-0.0007380,2024-03-04,2023-03,2024-03-04
LHS 3844 b,LHS 3844,0,1,1,Transit,2019,Transiting Exoplanet Survey Satellite (TESS),Published Confirmed,0,<a refstr=PATEL__AMP__ESPINOZA_2022 href=https://ui.adsabs.harvard.edu/abs/2022AJ....163..228P/abstract target=ref>Patel &amp; Espinoza 2022</a>,0.46292960000,0.00000010000,-0.00000010000,0,,,,,,,,,,,,,,,,,,,,,,,,,,,,,,,,,,0,<a refstr=VANDERSPEK_ET_AL__2019 href=https://ui.adsabs.harvard.edu/abs/2019ApJ...871L..24V/abstract target=ref>Vanderspek et al. 2019</a>,M5,3036.00,77.00,-77.00,0,0.189000,0.006000,-0.006000,0,0.151000,0.014000,-0.014000,0,,,,,,5.060000,0.010000,-0.010000,0,<a refstr=STASSUN_ET_AL__2019 href=https://ui.adsabs.harvard.edu/abs/2019AJ....158..138S/abstract target=ref>TICv8</a>,22h41m59.09s,340.4962038,-69d10m19.59s,-69.1721081,14.88460000,0.01130000,-0.01130000,15.2400000,0.0320000,-0.0320000,9.1450010,0.0230000,-0.0230000,13.3925000,0.0007380,-0.0007380,2022-05-03,2022-05,2022-05-03
LP 791-18 b,LP 791-18,1,1,3,Transit,2019,Transiting Exoplanet Survey Satellite (TESS),Published Confirmed,0,<a refstr=PETERSON_ET_AL__2023 href=https://www.nature.com/articles/s41586-023-05934-8 target=ref>Peterson et al. 2023</a>,0.94799810000,0.00000210000,-0.00000210000,0,0.0097800000,0.0001200000,-0.0001200000,0,1.21200000,0.05900000,-0.05800000,0,0.10812758,0.00526364,-0.00517442,0,,,,,,,,,,,,,,24.1400,0.6100,-0.5700,0,564.30,3.50,-3.40,0,0,<a refstr=PETERSON_ET_AL__2023 href=https://www.nature.com/articles/s41586-023-05934-8 target=ref>Peterson et al. 2023</a>,M(6.1 +/- 0.7) V,2960.00,55.00,-55.00,0,0.182000,0.007000,-0.007000,0,0.139000,0.005000,-0.005000,0,-0.0900,0.1900,-0.1900,0,[Fe/H],5.115000,0.094000,-0.094000,0,<a refstr=STASSUN_ET_AL__2019 href=https://ui.adsabs.harvard.edu/abs/2019AJ....158..138S/abstract target=ref>TICv8</a>,11h02m45.72s,165.6904843,-16d24m23.20s,-16.4064445,26.49270000,0.06400000,-0.06380000,16.9100000,0.2000000,-0.2000000,10.6440000,0.0230000,-0.0230000,15.0715000,0.0013240,-0.0013240,2023-05-14,2023-05,2023-05-14
LP 791-18 b,LP 791-18,0,1,3,Transit,2019,Transiting Exoplanet Survey Satellite (TESS),Published Confirmed,0,<a refstr=CROSSFIELD_ET_AL__2019 href=https://ui.adsabs.harvard.edu/abs/2019ApJ...883L..16C/abstract target=ref>Crossfield et al. 2019</a>,0.94800500000,0.00000580000,-0.00000580000,0,0.0096900000,0.0003200000,-0.0003500000,0,1.12000000,0.13000000,-0.13000000,0,0.09991971,0.01159782,-0.01159782,0,,,,,,,,,,0.000000,,,0,21.5000,5.4000,-4.6000,0,650.00,120.00,-120.00,0,0,<a refstr=CROSSFIELD_ET_AL__2019 href=https://ui.adsabs.harvard.edu/abs/2019ApJ...883L..16C/abstract target=ref>Crossfield et al. 2019</a>,M(6.1+/-0.7) V,2960.00,55.00,-55.00,0,0.171000,0.018000,-0.018000,0,0.139000,0.005000,-0.005000,0,-0.0900,0.1900,-0.1900,0,[Fe/H],5.115000,0.094000,-0.094000,0,<a refstr=STASSUN_ET_AL__2019 href=https://ui.adsabs.harvard.edu/abs/2019AJ....158..138S/abstract target=ref>TICv8</a>,11h02m45.72s,165.6904843,-16d24m23.20s,-16.4064445,26.49270000,0.06400000,-0.06380000,16.9100000,0.2000000,-0.2000000,10.6440000,0.0230000,-0.0230000,15.0715000,0.0013240,-0.0013240,2019-11-01,2019-09,2019-11-07
LP 791-18 b,LP 791-18,0,1,3,Transit,2019,Transiting Exoplanet Survey Satellite (TESS),TESS Project Candidate,0,<a refstr=EXOFOP_TESS_TOI href=https://exofop.ipac.caltech.edu/tess/view_toi.php target=ref>ExoFOP-TESS TOI</a>,0.94799454358,0.00001389342,-0.00001389342,0,,,,,1.19263921,0.47840133,-0.47840133,0,0.10640033,0.04268018,-0.04268018,0,,,,,,,,,,,,,,20.5198,,,0,542.83,,,0,0,<a refstr=EXOFOP_TESS_TOI href=https://exofop.ipac.caltech.edu/tess/view_toi.php target=ref>ExoFOP-TESS TOI</a>,,2940.00,67.00,-67.00,0,0.171430,0.005189,-0.005189,0,,,,,,,,,,5.143150,0.410207,-0.410207,0,<a refstr=STASSUN_ET_AL__2019 href=https://ui.adsabs.harvard.edu/abs/2019AJ....158..138S/abstract target=ref>TICv8</a>,11h02m45.72s,165.6904843,-16d24m23.20s,-16.4064445,26.49270000,0.06400000,-0.06380000,16.9100000,0.2000000,-0.2000000,10.6440000,0.0230000,-0.0230000,15.0715000,0.0013240,-0.0013240,2024-01-22,2017-07,2024-01-22
LP 791-18 c,LP 791-18,0,1,3,Transit,2019,Transiting Exoplanet Survey Satellite (TESS),Published Confirmed,0,<a refstr=KOKORI_ET_AL__2023 href=https://ui.adsabs.harvard.edu/abs/2023ApJS..265....4K/abstract target=ref>Kokori et al. 2023</a>,4.98990540000,0.00000260000,-0.00000260000,0,,,,,,,,,,,,,,,,,,,,,,,,,,,,,,,,,,0,<a refstr=CROSSFIELD_ET_AL__2019 href=https://ui.adsabs.harvard.edu/abs/2019ApJ...883L..16C/abstract target=ref>Crossfield et al. 2019</a>,M(6.1+/-0.7) V,2960.00,55.00,-55.00,0,0.171000,0.018000,-0.018000,0,0.139000,0.005000,-0.005000,0,-0.0900,0.1900,-0.1900,0,[Fe/H],5.115000,0.094000,-0.094000,0,<a refstr=STASSUN_ET_AL__2019 href=https://ui.adsabs.harvard.edu/abs/2019AJ....158..138S/abstract target=ref>TICv8</a>,11h02m45.72s,165.6904843,-16d24m23.20s,-16.4064445,26.49270000,0.06400000,-0.06380000,16.9100000,0.2000000,-0.2000000,10.6440000,0.0230000,-0.0230000,15.0715000,0.0013240,-0.0013240,2024-03-04,2023-03,2024-03-04
LP 791-18 c,LP 791-18,0,1,3,Transit,2019,Transiting Exoplanet Survey Satellite (TESS),Published Confirmed,0,<a refstr=CROSSFIELD_ET_AL__2019 href=https://ui.adsabs.harvard.edu/abs/2019ApJ...883L..16C/abstract target=ref>Crossfield et al. 2019</a>,4.98996300000,0.00005000000,-0.00005000000,0,0.0293920000,0.0009800000,-0.0010500000,0,2.31000000,0.25000000,-0.25000000,0,0.20608440,0.02230351,-0.02230351,0,,,,,,,,,,0.000000,,,0,2.3500,0.5900,-0.5100,0,370.00,30.00,-30.00,0,0,<a refstr=CROSSFIELD_ET_AL__2019 href=https://ui.adsabs.harvard.edu/abs/2019ApJ...883L..16C/abstract target=ref>Crossfield et al. 2019</a>,M(6.1+/-0.7) V,2960.00,55.00,-55.00,0,0.171000,0.018000,-0.018000,0,0.139000,0.005000,-0.005000,0,-0.0900,0.1900,-0.1900,0,[Fe/H],5.115000,0.094000,-0.094000,0,<a refstr=STASSUN_ET_AL__2019 href=https://ui.adsabs.harvard.edu/abs/2019AJ....158..138S/abstract target=ref>TICv8</a>,11h02m45.72s,165.6904843,-16d24m23.20s,-16.4064445,26.49270000,0.06400000,-0.06380000,16.9100000,0.2000000,-0.2000000,10.6440000,0.0230000,-0.0230000,15.0715000,0.0013240,-0.0013240,2019-11-01,2019-09,2019-11-07
LP 791-18 c,LP 791-18,0,1,3,Transit,2019,Transiting Exoplanet Survey Satellite (TESS),TESS Project Candidate,0,<a refstr=EXOFOP_TESS_TOI href=https://exofop.ipac.caltech.edu/tess/view_toi.php target=ref>ExoFOP-TESS TOI</a>,4.98991757887,0.00000559993,-0.00000559993,0,,,,,2.98584360,1.24321780,-1.24321780,0,0.26637958,0.11091265,-0.11091265,0,,,,,,,,,,,,,,2.2411,,,0,312.06,,,0,0,<a refstr=EXOFOP_TESS_TOI href=https://exofop.ipac.caltech.edu/tess/view_toi.php target=ref>ExoFOP-TESS TOI</a>,,2940.00,67.00,-67.00,0,0.171430,0.005189,-0.005189,0,,,,,,,,,,5.143150,0.410207,-0.410207,0,<a refstr=STASSUN_ET_AL__2019 href=https://ui.adsabs.harvard.edu/abs/2019AJ....158..138S/abstract target=ref>TICv8</a>,11h02m45.72s,165.6904843,-16d24m23.20s,-16.4064445,26.49270000,0.06400000,-0.06380000,16.9100000,0.2000000,-0.2000000,10.6440000,0.0230000,-0.0230000,15.0715000,0.0013240,-0.0013240,2024-02-16,2017-07,2024-02-16
LP 791-18 c,LP 791-18,1,1,3,Transit,2019,Transiting Exoplanet Survey Satellite (TESS),Published Confirmed,0,<a refstr=PETERSON_ET_AL__2023 href=https://www.nature.com/articles/s41586-023-05934-8 target=ref>Peterson et al. 2023</a>,4.98990930000,0.00000740000,-0.00000720000,0,0.0296100000,0.0003500000,-0.0003600000,0,2.43800000,0.09600000,-0.09600000,0,0.21750417,0.00856456,-0.00856456,0,7.10000000,0.70000000,-0.70000000,0,0.02233910,0.00220245,-0.00220245,0,Mass,0.000080,0.000040,-0.000040,0,2.6370,0.0660,-0.0620,0,324.40,2.00,-1.90,0,0,<a refstr=PETERSON_ET_AL__2023 href=https://www.nature.com/articles/s41586-023-05934-8 target=ref>Peterson et al. 2023</a>,M(6.1 +/- 0.7) V,2960.00,55.00,-55.00,0,0.182000,0.007000,-0.007000,0,0.139000,0.005000,-0.005000,0,-0.0900,0.1900,-0.1900,0,[Fe/H],5.115000,0.094000,-0.094000,0,<a refstr=STASSUN_ET_AL__2019 href=https://ui.adsabs.harvard.edu/abs/2019AJ....158..138S/abstract target=ref>TICv8</a>,11h02m45.72s,165.6904843,-16d24m23.20s,-16.4064445,26.49270000,0.06400000,-0.06380000,16.9100000,0.2000000,-0.2000000,10.6440000,0.0230000,-0.0230000,15.0715000,0.0013240,-0.0013240,2023-05-14,2023-05,2023-05-14
LSPM J2116+0234 b,LSPM J2116+0234,1,1,1,Radial Velocity,2019,Calar Alto Observatory,Published Confirmed,0,<a refstr=LALITHA_ET_AL__2019 href=https://ui.adsabs.harvard.edu/abs/2019A&A...627A.116L/abstract target=ref>Lalitha et al. 2019</a>,14.43990000000,0.00780000000,-0.00870000000,0,0.0876000000,0.0022000000,-0.0021000000,0,,,,,,,,,13.30000000,1.00000000,-1.10000000,0,0.04184627,0.00314634,-0.00346097,0,Msini,0.183000,0.062000,-0.063000,0,,,,,,,,,0,<a refstr=LALITHA_ET_AL__2019 href=https://ui.adsabs.harvard.edu/abs/2019A&A...627A.116L/abstract target=ref>Lalitha et al. 2019</a>,M3.0 V,3475.00,51.00,-51.00,0,0.431000,0.015000,-0.015000,0,0.430000,0.031000,-0.031000,0,-0.0500,0.1600,-0.1600,0,[Fe/H],4.950000,0.070000,-0.070000,0,<a refstr=STASSUN_ET_AL__2019 href=https://ui.adsabs.harvard.edu/abs/2019AJ....158..138S/abstract target=ref>TICv8</a>,21h16m27.54s,319.1147513,+02d34m50.78s,2.5807711,17.62970000,0.01865000,-0.01865000,11.9610000,0.0780000,-0.0780000,7.3240000,0.0270000,-0.0270000,10.8595000,0.0007530,-0.0007530,2019-06-07,2019-07,2019-06-13
LTT 1445 A b,LTT 1445 A,0,3,2,Transit,2019,Transiting Exoplanet Survey Satellite (TESS),Published Confirmed,0,<a refstr=KOKORI_ET_AL__2023 href=https://ui.adsabs.harvard.edu/abs/2023ApJS..265....4K/abstract target=ref>Kokori et al. 2023</a>,5.35877700000,0.00001100000,-0.00001100000,0,,,,,,,,,,,,,,,,,,,,,,0.190000,0.350000,-0.140000,0,,,,,,,,,0,<a refstr=WINTERS_ET_AL__2019 href=https://ui.adsabs.harvard.edu/abs/2019AJ....158..152W/abstract target=ref>Winters et al. 2019</a>,,3337.00,150.00,-150.00,0,0.276000,0.024000,-0.019000,0,0.256000,0.014000,-0.014000,0,-0.3400,0.0800,-0.0800,0,[Fe/H],4.967000,0.061000,-0.075000,0,<a refstr=STASSUN_ET_AL__2019 href=https://ui.adsabs.harvard.edu/abs/2019AJ....158..138S/abstract target=ref>TICv8</a>,03h01m50.99s,45.4624781,-16d35m40.18s,-16.5944956,6.86929000,0.00380500,-0.00380500,10.5900000,0.0460000,-0.0460000,6.4960000,0.0210000,-0.0210000,10.0469000,0.0012340,-0.0012340,2024-03-04,2023-03,2024-03-04
LTT 1445 A b,LTT 1445 A,0,3,2,Transit,2019,Transiting Exoplanet Survey Satellite (TESS),Published Confirmed,0,<a refstr=WINTERS_ET_AL__2019 href=https://ui.adsabs.harvard.edu/abs/2019AJ....158..152W/abstract target=ref>Winters et al. 2019</a>,5.35882000000,0.00030000000,-0.00031000000,0,0.0380700000,0.0006800000,-0.0007100000,0,1.38000000,0.13000000,-0.12000000,0,0.12311535,0.01159782,-0.01070568,0,2.20000000,1.70000000,-2.10000000,0,0.00692194,0.00534877,-0.00660731,0,Mass,0.190000,0.350000,-0.140000,0,,,,,433.00,28.00,-27.00,0,0,<a refstr=WINTERS_ET_AL__2019 href=https://ui.adsabs.harvard.edu/abs/2019AJ....158..152W/abstract target=ref>Winters et al. 2019</a>,,3337.00,150.00,-150.00,0,0.276000,0.024000,-0.019000,0,0.256000,0.014000,-0.014000,0,-0.3400,0.0800,-0.0800,0,[Fe/H],4.967000,0.061000,-0.075000,0,<a refstr=STASSUN_ET_AL__2019 href=https://ui.adsabs.harvard.edu/abs/2019AJ....158..138S/abstract target=ref>TICv8</a>,03h01m50.99s,45.4624781,-16d35m40.18s,-16.5944956,6.86929000,0.00380500,-0.00380500,10.5900000,0.0460000,-0.0460000,6.4960000,0.0210000,-0.0210000,10.0469000,0.0012340,-0.0012340,2019-08-09,2019-10,2019-08-15
LTT 1445 A b,LTT 1445 A,0,3,2,Transit,2019,Transiting Exoplanet Survey Satellite (TESS),Published Confirmed,0,<a refstr=ODDO_ET_AL__2023 href=https://ui.adsabs.harvard.edu/abs/2023AJ....165..134O/abstract target=ref>Oddo et al. 2023</a>,5.35876000000,0.00001000000,-0.00001000000,0,0.0220000000,0.0030000000,-0.0030000000,0,1.18000000,0.06000000,-0.06000000,0,0.10527273,0.00535285,-0.00535285,0,,,,,,,,,,,,,,,,,,555.00,48.00,-48.00,0,0,<a refstr=ODDO_ET_AL__2023 href=https://ui.adsabs.harvard.edu/abs/2023AJ....165..134O/abstract target=ref>Oddo et al. 2023</a>,M3.0,3340.00,150.00,-150.00,0,0.265000,0.011000,-0.011000,0,0.257000,0.014000,-0.014000,0,-0.3400,0.0900,-0.0900,0,[Fe/H],,,,,<a refstr=STASSUN_ET_AL__2019 href=https://ui.adsabs.harvard.edu/abs/2019AJ....158..138S/abstract target=ref>TICv8</a>,03h01m50.99s,45.4624781,-16d35m40.18s,-16.5944956,6.86929000,0.00380500,-0.00380500,10.5900000,0.0460000,-0.0460000,6.4960000,0.0210000,-0.0210000,10.0469000,0.0012340,-0.0012340,2023-08-22,2023-03,2023-08-22
LTT 1445 A b,LTT 1445 A,0,3,2,Transit,2019,Transiting Exoplanet Survey Satellite (TESS),Published Confirmed,0,<a refstr=WINTERS_ET_AL__2021 href=https://ui.adsabs.harvard.edu/abs/2021arXiv210714737W/abstract target=ref>Winters et al. 2021</a>,5.35876570000,0.00000430000,-0.00000420000,0,0.0381300000,0.0006800000,-0.0007000000,0,1.30500000,0.06600000,-0.06100000,0,0.11642450,0.00588814,-0.00544206,0,2.87000000,0.26000000,-0.25000000,0,0.00903003,0.00081805,-0.00078659,0,Mass,0.110000,,,1,5.4000,1.2000,-1.0000,0,424.00,21.00,-21.00,0,0,<a refstr=WINTERS_ET_AL__2021 href=https://ui.adsabs.harvard.edu/abs/2021arXiv210714737W/abstract target=ref>Winters et al. 2021</a>,,3340.00,150.00,-150.00,0,0.265000,0.011000,-0.010000,0,0.257000,0.014000,-0.014000,0,-0.3400,0.0900,-0.0900,0,[Fe/H],,,,,<a refstr=STASSUN_ET_AL__2019 href=https://ui.adsabs.harvard.edu/abs/2019AJ....158..138S/abstract target=ref>TICv8</a>,03h01m50.99s,45.4624781,-16d35m40.18s,-16.5944956,6.86929000,0.00380500,-0.00380500,10.5900000,0.0460000,-0.0460000,6.4960000,0.0210000,-0.0210000,10.0469000,0.0012340,-0.0012340,2022-01-24,2021-07,2022-01-24
LTT 1445 A b,LTT 1445 A,0,3,2,Transit,2019,Transiting Exoplanet Survey Satellite (TESS),TESS Project Candidate,0,<a refstr=EXOFOP_TESS_TOI href=https://exofop.ipac.caltech.edu/tess/view_toi.php target=ref>ExoFOP-TESS TOI</a>,5.35877595248,0.00000754897,-0.00000754897,0,,,,,1.44541541,0.29846486,-0.29846486,0,0.12895155,0.02662730,-0.02662730,0,,,,,,,,,,,,,,6.2796,,,0,403.74,,,0,0,<a refstr=EXOFOP_TESS_TOI href=https://exofop.ipac.caltech.edu/tess/view_toi.php target=ref>ExoFOP-TESS TOI</a>,,3562.00,83.00,-83.00,0,0.275953,0.008283,-0.008283,0,,,,,,,,,,4.973890,0.060229,-0.060229,0,<a refstr=STASSUN_ET_AL__2019 href=https://ui.adsabs.harvard.edu/abs/2019AJ....158..138S/abstract target=ref>TICv8</a>,03h01m50.99s,45.4624781,-16d35m40.18s,-16.5944956,6.86929000,0.00380500,-0.00380500,10.5900000,0.0460000,-0.0460000,6.4960000,0.0210000,-0.0210000,10.0469000,0.0012340,-0.0012340,2022-08-08,2017-07,2022-08-08
LTT 1445 A b,LTT 1445 A,0,3,2,Transit,2019,Transiting Exoplanet Survey Satellite (TESS),Published Confirmed,0,<a refstr=LAVIE_ET_AL__2023 href=https://ui.adsabs.harvard.edu/abs/2023A&A...673A..69L/abstract target=ref>Lavie et al. 2023</a>,5.35876500000,0.00000300000,-0.00000300000,0,0.0320000000,0.0060000000,-0.0030000000,0,1.43000000,0.09000000,-0.09000000,0,0.12757627,0.00802928,-0.00802928,0,2.32000000,0.25000000,-0.25000000,0,0.00729954,0.00078659,-0.00078659,0,Mass,0.180000,0.070000,-0.060000,0,,,,,,,,,0,<a refstr=LAVIE_ET_AL__2023 href=https://ui.adsabs.harvard.edu/abs/2023A&A...673A..69L/abstract target=ref>Lavie et al. 2023</a>,,,,,,0.276000,0.010000,-0.010000,0,0.249000,0.023000,-0.023000,0,,,,,,,,,,<a refstr=STASSUN_ET_AL__2019 href=https://ui.adsabs.harvard.edu/abs/2019AJ....158..138S/abstract target=ref>TICv8</a>,03h01m50.99s,45.4624781,-16d35m40.18s,-16.5944956,6.86929000,0.00380500,-0.00380500,10.5900000,0.0460000,-0.0460000,6.4960000,0.0210000,-0.0210000,10.0469000,0.0012340,-0.0012340,2025-04-07,2023-05,2025-04-07
LTT 1445 A b,LTT 1445 A,1,3,2,Transit,2019,Transiting Exoplanet Survey Satellite (TESS),Published Confirmed,0,<a refstr=PASS_ET_AL__2023 href=https://ui.adsabs.harvard.edu/abs/2023AJ....166..171P/abstract target=ref>Pass et al. 2023</a>,5.35876350000,0.00000440000,-0.00000450000,0,0.0381000000,0.0006700000,-0.0007000000,0,1.34000000,0.11000000,-0.06000000,0,0.11954700,0.00981356,-0.00535285,0,2.73000000,0.25000000,-0.23000000,0,0.00858954,0.00078659,-0.00072366,0,Mass,,,,,5.7000,1.3000,-1.1000,0,431.00,23.00,-23.00,0,0,<a refstr=PASS_ET_AL__2023 href=https://ui.adsabs.harvard.edu/abs/2023AJ....166..171P/abstract target=ref>Pass et al. 2023</a>,,,,,,0.271000,0.019000,-0.010000,0,0.257000,0.014000,-0.014000,0,,,,,,,,,,<a refstr=STASSUN_ET_AL__2019 href=https://ui.adsabs.harvard.edu/abs/2019AJ....158..138S/abstract target=ref>TICv8</a>,03h01m50.99s,45.4624781,-16d35m40.18s,-16.5944956,6.86929000,0.00380500,-0.00380500,10.5900000,0.0460000,-0.0460000,6.4960000,0.0210000,-0.0210000,10.0469000,0.0012340,-0.0012340,2024-07-22,2023-10,2024-07-22
MOA-bin-29 b,MOA-bin-29,0,1,1,Microlensing,2019,MOA,Published Confirmed,0,<a refstr=KONDO_ET_AL__2019 href=https://ui.adsabs.harvard.edu/abs/2019AJ....158..224K/abstract target=ref>Kondo et al. 2019</a>,,,,,0.2700000000,0.0800000000,-0.0700000000,0,,,,,,,,,180.00000000,331.00000000,-120.00000000,0,0.58000000,1.04000000,-0.37000000,0,Mass,,,,,,,,,,,,,0,<a refstr=KONDO_ET_AL__2019 href=https://ui.adsabs.harvard.edu/abs/2019AJ....158..224K/abstract target=ref>Kondo et al. 2019</a>,,,,,,,,,,0.050000,0.080000,-0.030000,0,,,,,,,,,,<a refstr=KONDO_ET_AL__2019 href=https://ui.adsabs.harvard.edu/abs/2019AJ....158..224K/abstract target=ref>Kondo et al. 2019</a>,17h57m30.23s,269.3759583,-29d44m11.63s,-29.7365639,7070.00000000,1150.00000000,-1070.00000000,43.9400000,2.2300000,-12.2700000,31.0900000,5.7300000,-7.8200000,,,,2019-12-05,2019-12,2019-12-05
MOA-bin-29 b,MOA-bin-29,0,1,1,Microlensing,2019,MOA,Published Confirmed,0,<a refstr=KONDO_ET_AL__2019 href=https://ui.adsabs.harvard.edu/abs/2019AJ....158..224K/abstract target=ref>Kondo et al. 2019</a>,,,,,0.3700000000,0.0800000000,-0.0700000000,0,,,,,,,,,150.00000000,388.00000000,-99.00000000,0,0.48000000,1.22000000,-0.31000000,0,Mass,,,,,,,,,,,,,0,<a refstr=KONDO_ET_AL__2019 href=https://ui.adsabs.harvard.edu/abs/2019AJ....158..224K/abstract target=ref>Kondo et al. 2019</a>,,,,,,,,,,0.020000,0.060000,-0.010000,0,,,,,,,,,,<a refstr=KONDO_ET_AL__2019 href=https://ui.adsabs.harvard.edu/abs/2019AJ....158..224K/abstract target=ref>Kondo et al. 2019</a>,17h57m30.23s,269.3759583,-29d44m11.63s,-29.7365639,7230.00000000,1150.00000000,-1010.00000000,45.3400000,4.3500000,-11.6000000,35.3300000,8.1400000,-11.1400000,,,,2019-12-05,2019-12,2019-12-05
MOA-bin-29 b,MOA-bin-29,0,1,1,Microlensing,2019,MOA,Published Confirmed,0,<a refstr=KONDO_ET_AL__2019 href=https://ui.adsabs.harvard.edu/abs/2019AJ....158..224K/abstract target=ref>Kondo et al. 2019</a>,,,,,0.3900000000,0.1200000000,-0.1100000000,0,,,,,,,,,180.00000000,310.00000000,-110.00000000,0,0.58000000,0.97000000,-0.35000000,0,Mass,,,,,,,,,,,,,0,<a refstr=KONDO_ET_AL__2019 href=https://ui.adsabs.harvard.edu/abs/2019AJ....158..224K/abstract target=ref>Kondo et al. 2019</a>,,,,,,,,,,0.070000,0.110000,-0.040000,0,,,,,,,,,,<a refstr=KONDO_ET_AL__2019 href=https://ui.adsabs.harvard.edu/abs/2019AJ....158..224K/abstract target=ref>Kondo et al. 2019</a>,17h57m30.23s,269.3759583,-29d44m11.63s,-29.7365639,6730.00000000,1210.00000000,-1210.00000000,41.6200000,3.3500000,-11.3500000,28.2900000,6.7500000,-5.7300000,,,,2019-12-05,2019-12,2019-12-05
MOA-bin-29 b,MOA-bin-29,0,1,1,Microlensing,2019,MOA,Published Confirmed,0,<a refstr=KONDO_ET_AL__2019 href=https://ui.adsabs.harvard.edu/abs/2019AJ....158..224K/abstract target=ref>Kondo et al. 2019</a>,,,,,1.5400000000,0.5200000000,-0.4500000000,0,,,,,,,,,200.00000000,334.00000000,-110.00000000,0,0.63000000,1.05000000,-0.36000000,0,Mass,,,,,,,,,,,,,0,<a refstr=KONDO_ET_AL__2019 href=https://ui.adsabs.harvard.edu/abs/2019AJ....158..224K/abstract target=ref>Kondo et al. 2019</a>,,,,,,,,,,0.100000,0.160000,-0.060000,0,,,,,,,,,,<a refstr=KONDO_ET_AL__2019 href=https://ui.adsabs.harvard.edu/abs/2019AJ....158..224K/abstract target=ref>Kondo et al. 2019</a>,17h57m30.23s,269.3759583,-29d44m11.63s,-29.7365639,6570.00000000,1230.00000000,-1310.00000000,32.8500000,11.0000000,-2.9500000,23.6600000,8.0700000,-1.9200000,,,,2019-12-05,2019-12,2019-12-05
MOA-bin-29 b,MOA-bin-29,0,1,1,Microlensing,2019,MOA,Published Confirmed,0,<a refstr=KONDO_ET_AL__2019 href=https://ui.adsabs.harvard.edu/abs/2019AJ....158..224K/abstract target=ref>Kondo et al. 2019</a>,,,,,0.5300000000,0.8900000000,-0.1800000000,0,,,,,,,,,200.00000000,359.00000000,-120.00000000,0,0.63000000,1.13000000,-0.39000000,0,Mass,,,,,,,,,,,,,0,<a refstr=KONDO_ET_AL__2019 href=https://ui.adsabs.harvard.edu/abs/2019AJ....158..224K/abstract target=ref>Kondo et al. 2019</a>,,,,,,,,,,0.060000,0.110000,-0.040000,0,,,,,,,,,,<a refstr=KONDO_ET_AL__2019 href=https://ui.adsabs.harvard.edu/abs/2019AJ....158..224K/abstract target=ref>Kondo et al. 2019</a>,17h57m30.23s,269.3759583,-29d44m11.63s,-29.7365639,6890.00000000,1190.00000000,-1190.00000000,,,,,,,,,,2019-12-05,2019-12,2019-12-05
MOA-bin-29 b,MOA-bin-29,1,1,1,Microlensing,2019,MOA,Published Confirmed,0,<a refstr=KONDO_ET_AL__2019 href=https://ui.adsabs.harvard.edu/abs/2019AJ....158..224K/abstract target=ref>Kondo et al. 2019</a>,,,,,0.4800000000,0.1200000000,-0.1000000000,0,,,,,,,,,190.00000000,381.00000000,-120.00000000,0,0.60000000,1.20000000,-0.38000000,0,Mass,,,,,,,,,,,,,0,<a refstr=KONDO_ET_AL__2019 href=https://ui.adsabs.harvard.edu/abs/2019AJ....158..224K/abstract target=ref>Kondo et al. 2019</a>,,,,,,,,,,0.030000,0.070000,-0.020000,0,,,,,,,,,,<a refstr=KONDO_ET_AL__2019 href=https://ui.adsabs.harvard.edu/abs/2019AJ....158..224K/abstract target=ref>Kondo et al. 2019</a>,17h57m30.23s,269.3759583,-29d44m11.63s,-29.7365639,7120.00000000,1150.00000000,-1050.00000000,44.6100000,2.8200000,-11.9200000,33.1100000,7.6300000,-9.4000000,,,,2019-12-05,2019-12,2019-11-07
NGTS-4 b,NGTS-4,0,1,1,Transit,2019,Next-Generation Transit Survey (NGTS),Published Confirmed,0,<a refstr=PATEL__AMP__ESPINOZA_2022 href=https://ui.adsabs.harvard.edu/abs/2022AJ....163..228P/abstract target=ref>Patel &amp; Espinoza 2022</a>,1.33735050000,0.00000670000,-0.00000680000,0,,,,,,,,,,,,,,,,,,,,,,,,,,,,,,,,,,0,<a refstr=WEST_ET_AL__2019 href=https://ui.adsabs.harvard.edu/abs/2019MNRAS.486.5094W/abstract target=ref>West et al. 2019</a>,,5143.00,100.00,-100.00,0,0.840000,0.010000,-0.010000,0,0.750000,0.020000,-0.020000,0,-0.2800,0.1000,-0.1000,0,[M/H],4.500000,0.100000,-0.100000,0,<a refstr=STASSUN_ET_AL__2019 href=https://ui.adsabs.harvard.edu/abs/2019AJ....158..138S/abstract target=ref>TICv8</a>,05h58m23.73s,89.5988945,-30d48m42.48s,-30.8117992,280.55500000,1.82200000,-1.79900000,13.1380000,0.0460000,-0.0460000,11.0730000,0.0220000,-0.0220000,12.9092000,0.0002360,-0.0002360,2022-05-03,2022-05,2022-05-03
NGTS-4 b,NGTS-4,1,1,1,Transit,2019,Next-Generation Transit Survey (NGTS),Published Confirmed,0,<a refstr=WEST_ET_AL__2019 href=https://ui.adsabs.harvard.edu/abs/2019MNRAS.486.5094W/abstract target=ref>West et al. 2019</a>,1.33735080000,0.00000800000,-0.00000800000,0,0.0190000000,0.0050000000,-0.0050000000,0,3.18000000,0.26000000,-0.26000000,0,0.28370060,0.02319565,-0.02319565,0,20.60000000,3.00000000,-3.00000000,0,0.06481452,0.00943901,-0.00943901,0,Mass,0.000000,,,0,,,,,1650.00,400.00,-400.00,0,0,<a refstr=WEST_ET_AL__2019 href=https://ui.adsabs.harvard.edu/abs/2019MNRAS.486.5094W/abstract target=ref>West et al. 2019</a>,,5143.00,100.00,-100.00,0,0.840000,0.010000,-0.010000,0,0.750000,0.020000,-0.020000,0,-0.2800,0.1000,-0.1000,0,[M/H],4.500000,0.100000,-0.100000,0,<a refstr=STASSUN_ET_AL__2019 href=https://ui.adsabs.harvard.edu/abs/2019AJ....158..138S/abstract target=ref>TICv8</a>,05h58m23.73s,89.5988945,-30d48m42.48s,-30.8117992,280.55500000,1.82200000,-1.79900000,13.1380000,0.0460000,-0.0460000,11.0730000,0.0220000,-0.0220000,12.9092000,0.0002360,-0.0002360,2019-05-14,2019-07,2019-05-16
NGTS-4 b,NGTS-4,0,1,1,Transit,2019,Next-Generation Transit Survey (NGTS),TESS Project Candidate,0,<a refstr=EXOFOP_TESS_TOI href=https://exofop.ipac.caltech.edu/tess/view_toi.php target=ref>ExoFOP-TESS TOI</a>,1.33723492308,0.00011620556,-0.00011620556,0,,,,,3.02657864,3.73057960,-3.73057960,0,0.27001373,0.33282059,-0.33282059,0,,,,,,,,,,,,,,886.9841,,,0,1391.87,,,0,0,<a refstr=EXOFOP_TESS_TOI href=https://exofop.ipac.caltech.edu/tess/view_toi.php target=ref>ExoFOP-TESS TOI</a>,,5111.90,121.90,-121.90,0,0.860256,0.050804,-0.050804,0,,,,,,,,,,4.500000,0.080000,-0.080000,0,<a refstr=STASSUN_ET_AL__2019 href=https://ui.adsabs.harvard.edu/abs/2019AJ....158..138S/abstract target=ref>TICv8</a>,05h58m23.73s,89.5988945,-30d48m42.48s,-30.8117992,280.55500000,1.82200000,-1.79900000,13.1380000,0.0460000,-0.0460000,11.0730000,0.0220000,-0.0220000,12.9092000,0.0002360,-0.0002360,2022-08-08,2017-07,2022-08-08
NGTS-5 b,NGTS-5,0,1,1,Transit,2019,Next-Generation Transit Survey (NGTS),TESS Project Candidate,0,<a refstr=EXOFOP_TESS_TOI href=https://exofop.ipac.caltech.edu/tess/view_toi.php target=ref>ExoFOP-TESS TOI</a>,3.35754770000,0.00245700000,-0.00245700000,0,,,,,12.65180000,0.90305500,-0.90305500,0,1.12871994,0.08056531,-0.08056531,0,,,,,,,,,,,,,,101.2530,,,0,883.00,,,0,0,<a refstr=EXOFOP_TESS_TOI href=https://exofop.ipac.caltech.edu/tess/view_toi.php target=ref>ExoFOP-TESS TOI</a>,,5013.00,122.80,-122.80,0,0.750000,0.050000,-0.050000,0,,,,,,,,,,4.610000,0.090000,-0.090000,0,<a refstr=STASSUN_ET_AL__2019 href=https://ui.adsabs.harvard.edu/abs/2019AJ....158..138S/abstract target=ref>TICv8</a>,14h44m13.98s,221.0582692,+05d36m19.34s,5.6053735,306.77900000,2.60100000,-2.55800000,13.7890000,0.0920000,-0.0920000,11.6120000,0.0250000,-0.0250000,13.5260000,0.0003520,-0.0003520,2024-08-30,2017-07,2024-08-30
NGTS-5 b,NGTS-5,1,1,1,Transit,2019,Next-Generation Transit Survey (NGTS),Published Confirmed,0,<a refstr=EIGM_UUML_LLER_ET_AL__2019 href=https://ui.adsabs.harvard.edu/abs/2019A&A...625A.142E/abstract target=ref>Eigm&uuml;ller et al. 2019</a>,3.35698660000,0.00000260000,-0.00000260000,0,0.0382000000,0.0013000000,-0.0013000000,0,12.73342400,0.25780700,-0.25780700,0,1.13600000,0.02300000,-0.02300000,0,72.78307000,11.75971000,-11.75971000,0,0.22900000,0.03700000,-0.03700000,0,Mass,0.000000,,,0,,,,,952.00,24.00,-24.00,0,0,<a refstr=EIGM_UUML_LLER_ET_AL__2019 href=https://ui.adsabs.harvard.edu/abs/2019A&A...625A.142E/abstract target=ref>Eigm&uuml;ller et al. 2019</a>,K2 V,4987.00,41.00,-41.00,0,0.739000,0.014000,-0.012000,0,0.661000,0.068000,-0.061000,0,0.1200,0.1000,-0.1000,0,[Fe/H],4.520000,0.037000,-0.037000,0,<a refstr=STASSUN_ET_AL__2019 href=https://ui.adsabs.harvard.edu/abs/2019AJ....158..138S/abstract target=ref>TICv8</a>,14h44m13.98s,221.0582692,+05d36m19.34s,5.6053735,306.77900000,2.60100000,-2.55800000,13.7890000,0.0920000,-0.0920000,11.6120000,0.0250000,-0.0250000,13.5260000,0.0003520,-0.0003520,2019-05-14,2019-05,2019-05-16
NGTS-6 b,NGTS-6,0,1,1,Transit,2019,Next-Generation Transit Survey (NGTS),Published Confirmed,0,<a refstr=KOKORI_ET_AL__2023 href=https://ui.adsabs.harvard.edu/abs/2023ApJS..265....4K/abstract target=ref>Kokori et al. 2023</a>,0.88205850000,0.00000033000,-0.00000033000,0,,,,,,,,,,,,,,,,,,,,,,,,,,,,,,,,,,0,<a refstr=VINES_ET_AL__2019 href=https://ui.adsabs.harvard.edu/abs/2019MNRAS.489.4125V/abstract target=ref>Vines et al. 2019</a>,,4730.00,44.00,-40.00,0,0.754000,0.013000,-0.013000,0,0.767000,0.025000,-0.025000,0,0.1100,0.0900,-0.0900,0,[Fe/H],4.700000,1.100000,-0.700000,0,<a refstr=STASSUN_ET_AL__2019 href=https://ui.adsabs.harvard.edu/abs/2019AJ....158..138S/abstract target=ref>TICv8</a>,05h03m10.89s,75.7953820,-30d23m58.06s,-30.3994612,308.26200000,1.41800000,-1.40700000,14.2370000,0.1260000,-0.1260000,11.6500000,0.0320000,-0.0320000,13.8175000,0.0005770,-0.0005770,2024-03-04,2023-03,2024-03-04
NGTS-6 b,NGTS-6,1,1,1,Transit,2019,Next-Generation Transit Survey (NGTS),Published Confirmed,0,<a refstr=VINES_ET_AL__2019 href=https://ui.adsabs.harvard.edu/abs/2019MNRAS.489.4125V/abstract target=ref>Vines et al. 2019</a>,0.88205900000,0.00000080000,-0.00000080000,0,0.0167700000,0.0003200000,-0.0003200000,0,14.86313400,1.08727300,-1.25540800,0,1.32600000,0.09700000,-0.11200000,0,425.57437000,8.89924000,-8.89924000,0,1.33900000,0.02800000,-0.02800000,0,Mass,0.000000,,,0,,,,,1283.90,12.49,-12.14,0,0,<a refstr=VINES_ET_AL__2019 href=https://ui.adsabs.harvard.edu/abs/2019MNRAS.489.4125V/abstract target=ref>Vines et al. 2019</a>,,4730.00,44.00,-40.00,0,0.754000,0.013000,-0.013000,0,0.767000,0.025000,-0.025000,0,0.1100,0.0900,-0.0900,0,[Fe/H],4.700000,1.100000,-0.700000,0,<a refstr=STASSUN_ET_AL__2019 href=https://ui.adsabs.harvard.edu/abs/2019AJ....158..138S/abstract target=ref>TICv8</a>,05h03m10.89s,75.7953820,-30d23m58.06s,-30.3994612,308.26200000,1.41800000,-1.40700000,14.2370000,0.1260000,-0.1260000,11.6500000,0.0320000,-0.0320000,13.8175000,0.0005770,-0.0005770,2019-09-20,2019-11,2019-09-26
NGTS-6 b,NGTS-6,0,1,1,Transit,2019,Next-Generation Transit Survey (NGTS),TESS Project Candidate,0,<a refstr=EXOFOP_TESS_TOI href=https://exofop.ipac.caltech.edu/tess/view_toi.php target=ref>ExoFOP-TESS TOI</a>,0.88206242583,0.00000516096,-0.00000516096,0,,,,,8.38889408,2.22567400,-2.22567400,0,0.74840829,0.19856168,-0.19856168,0,,,,,,,,,,,,,,983.4246,,,0,1428.25,,,0,0,<a refstr=EXOFOP_TESS_TOI href=https://exofop.ipac.caltech.edu/tess/view_toi.php target=ref>ExoFOP-TESS TOI</a>,,4669.00,122.00,-122.00,0,0.782888,,,0,,,,,,,,,,4.520000,,,0,<a refstr=STASSUN_ET_AL__2019 href=https://ui.adsabs.harvard.edu/abs/2019AJ....158..138S/abstract target=ref>TICv8</a>,05h03m10.89s,75.7953820,-30d23m58.06s,-30.3994612,308.26200000,1.41800000,-1.40700000,14.2370000,0.1260000,-0.1260000,11.6500000,0.0320000,-0.0320000,13.8175000,0.0005770,-0.0005770,2024-09-16,2017-07,2024-09-16
NGTS-8 b,NGTS-8,1,1,1,Transit,2019,Next-Generation Transit Survey (NGTS),Published Confirmed,0,<a refstr=COSTES_ET_AL__2020 href=https://ui.adsabs.harvard.edu/abs/2020MNRAS.491.2834C/abstract target=ref>Costes et al. 2020</a>,2.49970000000,0.00001000000,-0.00001000000,0,0.0350000000,0.0010000000,-0.0010000000,0,12.21781000,0.33627000,-0.33627000,0,1.09000000,0.03000000,-0.03000000,0,295.58190000,12.71320000,-9.53490000,0,0.93000000,0.04000000,-0.03000000,0,Mass,0.010000,0.014000,-0.010000,0,503.0000,33.0000,-33.0000,0,1345.00,19.00,-19.00,0,0,<a refstr=COSTES_ET_AL__2020 href=https://ui.adsabs.harvard.edu/abs/2020MNRAS.491.2834C/abstract target=ref>Costes et al. 2020</a>,K0 V,5241.00,50.00,-50.00,0,0.980000,0.020000,-0.020000,0,0.890000,0.050000,-0.040000,0,0.2400,0.0900,-0.0900,0,[Fe/H],4.410000,0.030000,-0.030000,0,<a refstr=STASSUN_ET_AL__2019 href=https://ui.adsabs.harvard.edu/abs/2019AJ....158..138S/abstract target=ref>TICv8</a>,21h55m54.22s,328.9759206,-14d04m06.38s,-14.0684399,428.97600000,5.62100000,-5.48100000,13.6900000,0.1030000,-0.1030000,11.6420000,0.0210000,-0.0210000,13.4954000,0.0003040,-0.0003040,2019-11-18,2020-01,2019-11-21
NGTS-8 b,NGTS-8,0,1,1,Transit,2019,Next-Generation Transit Survey (NGTS),TESS Project Candidate,0,<a refstr=EXOFOP_TESS_TOI href=https://exofop.ipac.caltech.edu/tess/view_toi.php target=ref>ExoFOP-TESS TOI</a>,2.50013612806,0.00020818102,-0.00020818102,0,,,,,11.42420450,0.81791943,-0.81791943,0,1.01920101,0.07297001,-0.07297001,0,,,,,,,,,,,,,,533.9599,,,0,1226.02,,,0,0,<a refstr=EXOFOP_TESS_TOI href=https://exofop.ipac.caltech.edu/tess/view_toi.php target=ref>ExoFOP-TESS TOI</a>,,5160.00,123.60,-123.60,0,0.998401,0.060007,-0.060007,0,,,,,,,,,,4.378980,0.082899,-0.082899,0,<a refstr=STASSUN_ET_AL__2019 href=https://ui.adsabs.harvard.edu/abs/2019AJ....158..138S/abstract target=ref>TICv8</a>,21h55m54.22s,328.9759206,-14d04m06.38s,-14.0684399,428.97600000,5.62100000,-5.48100000,13.6900000,0.1030000,-0.1030000,11.6420000,0.0210000,-0.0210000,13.4954000,0.0003040,-0.0003040,2025-09-25,2017-07,2025-09-25
NGTS-9 b,NGTS-9,0,1,1,Transit,2019,Next-Generation Transit Survey (NGTS),TESS Project Candidate,0,<a refstr=EXOFOP_TESS_TOI href=https://exofop.ipac.caltech.edu/tess/view_toi.php target=ref>ExoFOP-TESS TOI</a>,4.43528840000,0.00001280000,-0.00001280000,0,,,,,11.21102312,1.51347890,-1.51347890,0,1.00018221,0.13502378,-0.13502378,0,,,,,,,,,,,,,,196.6630,,,0,1365.12,,,0,0,<a refstr=EXOFOP_TESS_TOI href=https://exofop.ipac.caltech.edu/tess/view_toi.php target=ref>ExoFOP-TESS TOI</a>,,6245.00,124.10,-124.10,0,1.380000,0.070000,-0.070000,0,,,,,,,,,,4.240000,0.090000,-0.090000,0,<a refstr=STASSUN_ET_AL__2019 href=https://ui.adsabs.harvard.edu/abs/2019AJ....158..138S/abstract target=ref>TICv8</a>,09h27m40.95s,141.9206435,-19d20m51.53s,-19.3476477,609.12800000,15.95200000,-15.17100000,12.8680000,0.0570000,-0.0570000,11.4520000,0.0240000,-0.0240000,12.6547000,0.0002370,-0.0002370,2022-08-08,2017-07,2022-08-08
NGTS-9 b,NGTS-9,0,1,1,Transit,2019,Next-Generation Transit Survey (NGTS),Published Confirmed,0,<a refstr=IVSHINA__AMP__WINN_2022 href=https://ui.adsabs.harvard.edu/abs/2022ApJS..259...62I/abstract target=ref>Ivshina &amp; Winn 2022</a>,4.43527200000,0.00001100000,-0.00001100000,0,,,,,,,,,,,,,,,,,,,,,,,,,,,,,,,,,,0,,,,,,,,,,,,,,,,,,,,,,,,<a refstr=STASSUN_ET_AL__2019 href=https://ui.adsabs.harvard.edu/abs/2019AJ....158..138S/abstract target=ref>TICv8</a>,09h27m40.95s,141.9206435,-19d20m51.53s,-19.3476477,609.12800000,15.95200000,-15.17100000,12.8680000,0.0570000,-0.0570000,11.4520000,0.0240000,-0.0240000,12.6547000,0.0002370,-0.0002370,2022-10-18,2022-04,2022-10-18
NGTS-9 b,NGTS-9,1,1,1,Transit,2019,Next-Generation Transit Survey (NGTS),Published Confirmed,0,<a refstr=COSTES_ET_AL__2020 href=https://ui.adsabs.harvard.edu/abs/2020MNRAS.491.2834C/abstract target=ref>Costes et al. 2020</a>,4.43527000000,0.00002000000,-0.00002000000,0,0.0580000000,0.0030000000,-0.0020000000,0,11.99363000,0.67254000,-0.67254000,0,1.07000000,0.06000000,-0.06000000,0,921.70700000,54.03110000,-54.03110000,0,2.90000000,0.17000000,-0.17000000,0,Mass,0.060000,0.076000,-0.052000,0,729.0000,80.0000,-80.0000,0,1448.00,36.00,-36.00,0,0,<a refstr=COSTES_ET_AL__2020 href=https://ui.adsabs.harvard.edu/abs/2020MNRAS.491.2834C/abstract target=ref>Costes et al. 2020</a>,F8 V,6330.00,130.00,-130.00,0,1.380000,0.040000,-0.040000,0,1.340000,0.050000,-0.050000,0,0.3100,0.1500,-0.1500,0,[Fe/H],4.370000,0.200000,-0.200000,0,<a refstr=STASSUN_ET_AL__2019 href=https://ui.adsabs.harvard.edu/abs/2019AJ....158..138S/abstract target=ref>TICv8</a>,09h27m40.95s,141.9206435,-19d20m51.53s,-19.3476477,609.12800000,15.95200000,-15.17100000,12.8680000,0.0570000,-0.0570000,11.4520000,0.0240000,-0.0240000,12.6547000,0.0002370,-0.0002370,2019-11-18,2020-01,2019-11-21
NSVS 14256825 b,NSVS 14256825,1,2,1,Eclipse Timing Variations,2019,Multiple Observatories,Published Confirmed,0,<a refstr=ZHU_ET_AL__2019 href=https://ui.adsabs.harvard.edu/abs/2019RAA....19..134Z/abstract target=ref>Zhu et al. 2019</a>,3225.00000000000,22.00000000000,-22.00000000000,0,3.1200000000,0.0700000000,-0.0700000000,0,,,,,,,,,4497.29450000,50.85280000,-50.85280000,0,14.15000000,0.16000000,-0.16000000,0,Msini,0.120000,0.020000,-0.020000,0,,,,,,,,,0,<a refstr=ZHU_ET_AL__2019 href=https://ui.adsabs.harvard.edu/abs/2019RAA....19..134Z/abstract target=ref>Zhu et al. 2019</a>,,40000.00,,,0,0.188000,0.010000,-0.010000,0,0.419000,0.070000,-0.070000,0,,,,,,,,,,<a refstr=STASSUN_ET_AL__2019 href=https://ui.adsabs.harvard.edu/abs/2019AJ....158..138S/abstract target=ref>TICv8</a>,20h20m00.47s,305.0019460,+04d37m56.54s,4.6323715,820.87700000,41.45700000,-41.45700000,13.2960000,0.1150000,-0.1150000,13.9450000,0.0550000,-0.0550000,13.2452000,0.0043300,-0.0043300,2019-06-10,2019-09,2019-06-13
NY Vir c,NY Vir,1,2,2,Eclipse Timing Variations,2019,Winer Observatory,Published Confirmed,0,<a refstr=SONG_ET_AL__2019 href=https://ui.adsabs.harvard.edu/abs/2019AJ....157..184S/abstract target=ref>Song et al. 2019</a>,8799.00000000000,240.00000000000,-240.00000000000,0,,,,,,,,,,,,,1760.77820000,63.56600000,-63.56600000,0,5.54000000,0.20000000,-0.20000000,0,Msini,0.150000,0.010000,-0.010000,0,,,,,,,,,0,<a refstr=STASSUN_ET_AL__2019 href=https://ui.adsabs.harvard.edu/abs/2019AJ....158..138S/abstract target=ref>TICv8</a>,,32780.00,200.00,-200.00,0,0.151000,0.001000,-0.001000,0,0.459000,0.010000,-0.010000,0,,,,,,5.741930,0.001021,-0.001021,0,<a refstr=STASSUN_ET_AL__2019 href=https://ui.adsabs.harvard.edu/abs/2019AJ....158..138S/abstract target=ref>TICv8</a>,13h38m48.14s,204.7005847,-02d01m49.39s,-2.0303873,544.02400000,18.87650000,-18.87650000,13.4960000,0.1840000,-0.1840000,14.6350000,0.0950000,-0.0950000,13.3943000,0.0056380,-0.0056380,2019-10-18,2019-05,2019-10-24
OGLE-2013-BLG-0911L b,OGLE-2013-BLG-0911L,0,1,1,Microlensing,2019,OGLE,Published Confirmed,0,<a refstr=MIYAZAKI_ET_AL__2020 href=https://ui.adsabs.harvard.edu/abs/2020AJ....159...76M/abstract target=ref>Miyazaki et al. 2020</a>,,,,,,,,0,,,,,,,,,,,,,,,,,,,,,,,,,,,,,,0,<a refstr=MIYAZAKI_ET_AL__2020 href=https://ui.adsabs.harvard.edu/abs/2020AJ....159...76M/abstract target=ref>Miyazaki et al. 2020</a>,,,,,,,,,,,,,,,,,,,,,,,<a refstr=MIYAZAKI_ET_AL__2020 href=https://ui.adsabs.harvard.edu/abs/2020AJ....159...76M/abstract target=ref>Miyazaki et al. 2020</a>,17h55m31.98s,268.8832500,-29d15m13.8s,-29.2538333,,,,26.4200000,1.1500000,-1.1300000,19.6400000,0.7800000,-0.7600000,,,,2020-04-02,2020-02,2020-04-02
OGLE-2013-BLG-0911L b,OGLE-2013-BLG-0911L,0,1,1,Microlensing,2019,OGLE,Published Confirmed,0,<a refstr=MIYAZAKI_ET_AL__2020 href=https://ui.adsabs.harvard.edu/abs/2020AJ....159...76M/abstract target=ref>Miyazaki et al. 2020</a>,,,,,,,,0,,,,,,,,,,,,,,,,,,,,,,,,,,,,,,0,<a refstr=MIYAZAKI_ET_AL__2020 href=https://ui.adsabs.harvard.edu/abs/2020AJ....159...76M/abstract target=ref>Miyazaki et al. 2020</a>,,,,,,,,,,,,,,,,,,,,,,,<a refstr=MIYAZAKI_ET_AL__2020 href=https://ui.adsabs.harvard.edu/abs/2020AJ....159...76M/abstract target=ref>Miyazaki et al. 2020</a>,17h55m31.98s,268.8832500,-29d15m13.8s,-29.2538333,,,,26.4200000,1.1500000,-1.1300000,19.6400000,0.7800000,-0.7600000,,,,2020-04-02,2020-02,2020-04-02
OGLE-2013-BLG-0911L b,OGLE-2013-BLG-0911L,0,1,1,Microlensing,2019,OGLE,Published Confirmed,0,<a refstr=MIYAZAKI_ET_AL__2020 href=https://ui.adsabs.harvard.edu/abs/2020AJ....159...76M/abstract target=ref>Miyazaki et al. 2020</a>,,,,,17.9800000000,3.2100000000,-3.2400000000,0,,,,,,,,,3150.00000000,1200.00000000,-1100.00000000,0,9.92000000,3.78000000,-3.45000000,0,Mass,,,,,,,,,,,,,0,<a refstr=MIYAZAKI_ET_AL__2020 href=https://ui.adsabs.harvard.edu/abs/2020AJ....159...76M/abstract target=ref>Miyazaki et al. 2020</a>,,,,,,,,,,0.280000,0.100000,-0.080000,0,,,,,,,,,,<a refstr=MIYAZAKI_ET_AL__2020 href=https://ui.adsabs.harvard.edu/abs/2020AJ....159...76M/abstract target=ref>Miyazaki et al. 2020</a>,17h55m31.98s,268.8832500,-29d15m13.8s,-29.2538333,3150.00000000,530.00000000,-420.00000000,26.4200000,1.1500000,-1.1300000,19.6400000,0.7800000,-0.7600000,,,,2020-04-02,2020-02,2020-04-02
OGLE-2013-BLG-0911L b,OGLE-2013-BLG-0911L,0,1,1,Microlensing,2019,OGLE,Published Confirmed,0,<a refstr=MIYAZAKI_ET_AL__2020 href=https://ui.adsabs.harvard.edu/abs/2020AJ....159...76M/abstract target=ref>Miyazaki et al. 2020</a>,,,,,,,,0,,,,,,,,,,,,,,,,,,,,,,,,,,,,,,0,<a refstr=MIYAZAKI_ET_AL__2020 href=https://ui.adsabs.harvard.edu/abs/2020AJ....159...76M/abstract target=ref>Miyazaki et al. 2020</a>,,,,,,,,,,,,,,,,,,,,,,,<a refstr=MIYAZAKI_ET_AL__2020 href=https://ui.adsabs.harvard.edu/abs/2020AJ....159...76M/abstract target=ref>Miyazaki et al. 2020</a>,17h55m31.98s,268.8832500,-29d15m13.8s,-29.2538333,,,,26.4200000,1.1500000,-1.1300000,19.6400000,0.7800000,-0.7600000,,,,2020-04-02,2020-02,2020-04-02
OGLE-2013-BLG-0911L b,OGLE-2013-BLG-0911L,1,1,1,Microlensing,2019,OGLE,Published Confirmed,0,<a refstr=MIYAZAKI_ET_AL__2020 href=https://ui.adsabs.harvard.edu/abs/2020AJ....159...76M/abstract target=ref>Miyazaki et al. 2020</a>,,,,,0.3900000000,0.0500000000,-0.0300000000,0,,,,,,,,,3020.00000000,864.00000000,-537.00000000,0,9.51000000,2.72000000,-1.69000000,0,Mass,,,,,,,,,,,,,0,<a refstr=MIYAZAKI_ET_AL__2020 href=https://ui.adsabs.harvard.edu/abs/2020AJ....159...76M/abstract target=ref>Miyazaki et al. 2020</a>,,,,,,,,,,0.290000,0.070000,-0.050000,0,,,,,,,,,,<a refstr=MIYAZAKI_ET_AL__2020 href=https://ui.adsabs.harvard.edu/abs/2020AJ....159...76M/abstract target=ref>Miyazaki et al. 2020</a>,17h55m31.98s,268.8832500,-29d15m13.8s,-29.2538333,3220.00000000,470.00000000,-350.00000000,26.4200000,1.1500000,-1.1300000,19.6400000,0.7800000,-0.7600000,,,,2020-04-02,2020-02,2020-03-19
OGLE-2013-BLG-0911L b,OGLE-2013-BLG-0911L,0,1,1,Microlensing,2019,OGLE,Published Confirmed,0,<a refstr=MIYAZAKI_ET_AL__2020 href=https://ui.adsabs.harvard.edu/abs/2020AJ....159...76M/abstract target=ref>Miyazaki et al. 2020</a>,,,,,,,,0,,,,,,,,,,,,,,,,,,,,,,,,,,,,,,0,<a refstr=MIYAZAKI_ET_AL__2020 href=https://ui.adsabs.harvard.edu/abs/2020AJ....159...76M/abstract target=ref>Miyazaki et al. 2020</a>,,,,,,,,,,,,,,,,,,,,,,,<a refstr=MIYAZAKI_ET_AL__2020 href=https://ui.adsabs.harvard.edu/abs/2020AJ....159...76M/abstract target=ref>Miyazaki et al. 2020</a>,17h55m31.98s,268.8832500,-29d15m13.8s,-29.2538333,,,,26.4200000,1.1500000,-1.1300000,19.6400000,0.7800000,-0.7600000,,,,2020-04-02,2020-02,2020-04-02
OGLE-2015-BLG-1649L b,OGLE-2015-BLG-1649L,1,1,1,Microlensing,2019,OGLE,Published Confirmed,0,<a refstr=NAGAKANE_ET_AL__2019 href=https://ui.adsabs.harvard.edu/abs/2019AJ....158..212N/abstract target=ref>Nagakane et al. 2019</a>,,,,,2.0700000000,0.6500000000,-0.7700000000,0,,,,,,,,,807.00000000,470.00000000,-442.00000000,0,2.54000000,1.48000000,-1.39000000,0,Mass,,,,,,,,,,,,,0,<a refstr=NAGAKANE_ET_AL__2019 href=https://ui.adsabs.harvard.edu/abs/2019AJ....158..212N/abstract target=ref>Nagakane et al. 2019</a>,,,,,,,,,,0.340000,0.190000,-0.190000,0,,,,,,,,,,<a refstr=NAGAKANE_ET_AL__2019 href=https://ui.adsabs.harvard.edu/abs/2019AJ....158..212N/abstract target=ref>Nagakane et al. 2019</a>,18h04m49.21s,271.2050417,-32d37m58.90s,-32.6330278,4230.00000000,1510.00000000,-1640.00000000,,,,,,,,,,2019-12-05,2019-11,2019-10-24
OGLE-2015-BLG-1670L b,OGLE-2015-BLG-1670L,0,1,1,Microlensing,2019,OGLE,Published Confirmed,0,<a refstr=RANC_ET_AL__2019 href=https://ui.adsabs.harvard.edu/abs/2019AJ....157..232R/abstract target=ref>Ranc et al. 2019</a>,,,,,,,,,,,,,,,,,,,,,,,,,,,,,,,,,,,,,,0,<a refstr=RANC_ET_AL__2019 href=https://ui.adsabs.harvard.edu/abs/2019AJ....157..232R/abstract target=ref>Ranc et al. 2019</a>,,,,,,,,,,,,,,,,,,,,,,,<a refstr=RANC_ET_AL__2019 href=https://ui.adsabs.harvard.edu/abs/2019AJ....157..232R/abstract target=ref>Ranc et al. 2019</a>,17h52m38.11s,268.1587917,-28d33m06.9s,-28.5519167,,,,,,,,,,,,,2021-08-30,2019-06,2021-08-30
OGLE-2015-BLG-1670L b,OGLE-2015-BLG-1670L,0,1,1,Microlensing,2019,OGLE,Published Confirmed,0,<a refstr=RANC_ET_AL__2019 href=https://ui.adsabs.harvard.edu/abs/2019AJ....157..232R/abstract target=ref>Ranc et al. 2019</a>,,,,,,,,0,,,,,,,,,,,,,,,,,,,,,,,,,,,,,,0,<a refstr=RANC_ET_AL__2019 href=https://ui.adsabs.harvard.edu/abs/2019AJ....157..232R/abstract target=ref>Ranc et al. 2019</a>,,,,,,,,,,,,,,,,,,,,,,,<a refstr=RANC_ET_AL__2019 href=https://ui.adsabs.harvard.edu/abs/2019AJ....157..232R/abstract target=ref>Ranc et al. 2019</a>,17h52m38.11s,268.1587917,-28d33m06.9s,-28.5519167,,,,,,,,,,,,,2019-12-05,2019-06,2019-12-05
OGLE-2015-BLG-1670L b,OGLE-2015-BLG-1670L,1,1,1,Microlensing,2019,OGLE,Published Confirmed,0,<a refstr=RANC_ET_AL__2019 href=https://ui.adsabs.harvard.edu/abs/2019AJ....157..232R/abstract target=ref>Ranc et al. 2019</a>,,,,,2.6200000000,0.5800000000,-0.6000000000,0,,,,,,,,,17.90000000,9.60000000,-8.80000000,0,0.05630000,0.03000000,-0.02800000,0,Mass,,,,,,,,,,,,,0,<a refstr=RANC_ET_AL__2019 href=https://ui.adsabs.harvard.edu/abs/2019AJ....157..232R/abstract target=ref>Ranc et al. 2019</a>,,,,,,,,,,0.550000,0.280000,-0.280000,0,,,,,,,,,,<a refstr=RANC_ET_AL__2019 href=https://ui.adsabs.harvard.edu/abs/2019AJ....157..232R/abstract target=ref>Ranc et al. 2019</a>,17h52m38.11s,268.1587917,-28d33m06.9s,-28.5519167,6700.00000000,1000.00000000,-1300.00000000,,,,20.3000000,1.3000000,-1.5000000,,,,2021-08-30,2019-06,2021-08-30
OGLE-2016-BLG-1067L b,OGLE-2016-BLG-1067L,1,1,1,Microlensing,2019,OGLE,Published Confirmed,0,<a refstr=CALCHI_NOVATI_ET_AL__2019 href=https://ui.adsabs.harvard.edu/abs/2019AJ....157..121C/abstract target=ref>Calchi Novati et al. 2019</a>,,,,,1.7000000000,0.3800000000,-0.3900000000,0,,,,,,,,,140.00000000,67.00000000,-54.00000000,0,0.43000000,0.21000000,-0.17000000,0,Mass,,,,,,,,,,,,,0,<a refstr=CALCHI_NOVATI_ET_AL__2019 href=https://ui.adsabs.harvard.edu/abs/2019AJ....157..121C/abstract target=ref>Calchi Novati et al. 2019</a>,,,,,,,,,,0.300000,0.150000,-0.120000,0,,,,,,,,,,<a refstr=CALCHI_NOVATI_ET_AL__2019 href=https://ui.adsabs.harvard.edu/abs/2019AJ....157..121C/abstract target=ref>Calchi Novati et al. 2019</a>,18h12m49.08s,273.2045000,-27d00m45.5s,-27.0126389,3730.00000000,660.00000000,-670.00000000,,,,,,,,,,2019-12-05,2019-03,2019-09-12
OGLE-2016-BLG-1067L b,OGLE-2016-BLG-1067L,0,1,1,Microlensing,2019,OGLE,Published Confirmed,0,<a refstr=CALCHI_NOVATI_ET_AL__2019 href=https://ui.adsabs.harvard.edu/abs/2019AJ....157..121C/abstract target=ref>Calchi Novati et al. 2019</a>,,,,,1.6800000000,0.3700000000,-0.3600000000,0,,,,,,,,,140.00000000,67.00000000,-51.00000000,0,0.43000000,0.21000000,-0.16000000,0,Mass,,,,,,,,,,,,,0,<a refstr=CALCHI_NOVATI_ET_AL__2019 href=https://ui.adsabs.harvard.edu/abs/2019AJ....157..121C/abstract target=ref>Calchi Novati et al. 2019</a>,,,,,,,,,,0.280000,0.140000,-0.100000,0,,,,,,,,,,<a refstr=CALCHI_NOVATI_ET_AL__2019 href=https://ui.adsabs.harvard.edu/abs/2019AJ....157..121C/abstract target=ref>Calchi Novati et al. 2019</a>,18h12m49.08s,273.2045000,-27d00m45.5s,-27.0126389,3680.00000000,650.00000000,-640.00000000,,,,,,,,,,2019-12-05,2019-03,2019-12-05
OGLE-2016-BLG-1067L b,OGLE-2016-BLG-1067L,0,1,1,Microlensing,2019,OGLE,Published Confirmed,0,<a refstr=CALCHI_NOVATI_ET_AL__2019 href=https://ui.adsabs.harvard.edu/abs/2019AJ....157..121C/abstract target=ref>Calchi Novati et al. 2019</a>,,,,,1.7100000000,0.3900000000,-0.4200000000,0,,,,,,,,,140.00000000,70.00000000,-57.00000000,0,0.43000000,0.22000000,-0.18000000,0,Mass,,,,,,,,,,,,,0,<a refstr=CALCHI_NOVATI_ET_AL__2019 href=https://ui.adsabs.harvard.edu/abs/2019AJ....157..121C/abstract target=ref>Calchi Novati et al. 2019</a>,,,,,,,,,,0.310000,0.160000,-0.130000,0,,,,,,,,,,<a refstr=CALCHI_NOVATI_ET_AL__2019 href=https://ui.adsabs.harvard.edu/abs/2019AJ....157..121C/abstract target=ref>Calchi Novati et al. 2019</a>,18h12m49.08s,273.2045000,-27d00m45.5s,-27.0126389,3780.00000000,680.00000000,-700.00000000,,,,,,,,,,2019-12-05,2019-03,2019-12-05
OGLE-2018-BLG-0596L b,OGLE-2018-BLG-0596L,0,1,1,Microlensing,2019,OGLE,Published Confirmed,0,<a refstr=JUNG_ET_AL__2019 href=https://ui.adsabs.harvard.edu/abs/2019AJ....158...28J/abstract target=ref>Jung et al. 2019</a>,,,,,0.9200000000,0.1400000000,-0.1400000000,0,,,,,,,,,14.69000000,1.72000000,-1.72000000,0,0.04622000,0.00541000,-0.00541000,0,Mass,,,,,,,,,,,,,0,<a refstr=JUNG_ET_AL__2019 href=https://ui.adsabs.harvard.edu/abs/2019AJ....158...28J/abstract target=ref>Jung et al. 2019</a>,,,,,,,,,,0.229000,0.031000,-0.031000,0,,,,,,,,,,<a refstr=JUNG_ET_AL__2019 href=https://ui.adsabs.harvard.edu/abs/2019AJ....158...28J/abstract target=ref>Jung et al. 2019</a>,17h56m13.33s,269.0555417,-29d11m56.7s,-29.1990833,5650.00000000,800.00000000,-800.00000000,,,,,,,,,,2019-12-05,2019-07,2019-12-05
OGLE-2018-BLG-0596L b,OGLE-2018-BLG-0596L,0,1,1,Microlensing,2019,OGLE,Published Confirmed,0,<a refstr=JUNG_ET_AL__2019 href=https://ui.adsabs.harvard.edu/abs/2019AJ....158...28J/abstract target=ref>Jung et al. 2019</a>,,,,,2.7700000000,0.3700000000,-0.3700000000,0,,,,,,,,,1.19000000,0.16000000,-0.16000000,0,0.00374000,0.00050000,-0.00050000,0,Mass,,,,,,,,,,,,,0,<a refstr=JUNG_ET_AL__2019 href=https://ui.adsabs.harvard.edu/abs/2019AJ....158...28J/abstract target=ref>Jung et al. 2019</a>,,,,,,,,,,0.154000,0.019000,-0.019000,0,,,,,,,,,,<a refstr=JUNG_ET_AL__2019 href=https://ui.adsabs.harvard.edu/abs/2019AJ....158...28J/abstract target=ref>Jung et al. 2019</a>,17h56m13.33s,269.0555417,-29d11m56.7s,-29.1990833,5950.00000000,770.00000000,-770.00000000,,,,,,,,,,2019-12-05,2019-07,2019-12-05
OGLE-2018-BLG-0596L b,OGLE-2018-BLG-0596L,1,1,1,Microlensing,2019,OGLE,Published Confirmed,0,<a refstr=JUNG_ET_AL__2019 href=https://ui.adsabs.harvard.edu/abs/2019AJ....158...28J/abstract target=ref>Jung et al. 2019</a>,,,,,0.9700000000,0.1300000000,-0.1300000000,0,,,,,,,,,13.93000000,1.56000000,-1.56000000,0,0.04383000,0.00491000,-0.00491000,0,Mass,,,,,,,,,,,,,0,<a refstr=JUNG_ET_AL__2019 href=https://ui.adsabs.harvard.edu/abs/2019AJ....158...28J/abstract target=ref>Jung et al. 2019</a>,,,,,,,,,,0.231000,0.028000,-0.028000,0,,,,,,,,,,<a refstr=JUNG_ET_AL__2019 href=https://ui.adsabs.harvard.edu/abs/2019AJ....158...28J/abstract target=ref>Jung et al. 2019</a>,17h56m13.33s,269.0555417,-29d11m56.7s,-29.1990833,5650.00000000,750.00000000,-750.00000000,,,,,,,,,,2019-12-05,2019-07,2019-07-11
OGLE-2018-BLG-0596L b,OGLE-2018-BLG-0596L,0,1,1,Microlensing,2019,OGLE,Published Confirmed,0,<a refstr=JUNG_ET_AL__2019 href=https://ui.adsabs.harvard.edu/abs/2019AJ....158...28J/abstract target=ref>Jung et al. 2019</a>,,,,,3.0200000000,0.3900000000,-0.3900000000,0,,,,,,,,,1.30000000,0.16000000,-0.16000000,0,0.00409000,0.00050000,-0.00050000,0,Mass,,,,,,,,,,,,,0,<a refstr=JUNG_ET_AL__2019 href=https://ui.adsabs.harvard.edu/abs/2019AJ....158...28J/abstract target=ref>Jung et al. 2019</a>,,,,,,,,,,0.196000,0.021000,-0.021000,0,,,,,,,,,,<a refstr=JUNG_ET_AL__2019 href=https://ui.adsabs.harvard.edu/abs/2019AJ....158...28J/abstract target=ref>Jung et al. 2019</a>,17h56m13.33s,269.0555417,-29d11m56.7s,-29.1990833,6110.00000000,790.00000000,-790.00000000,,,,,,,,,,2019-12-05,2019-07,2019-12-05
OGLE-2018-BLG-0740L b,OGLE-2018-BLG-0740L,0,1,1,Microlensing,2019,OGLE,Published Confirmed,0,<a refstr=HAN_ET_AL__2019 href=https://ui.adsabs.harvard.edu/abs/2019AJ....158..102H/abstract target=ref>Han et al. 2019</a>,,,,,3.3000000000,1.3000000000,-1.3000000000,0,,,,,,,,,1200.00000000,700.00000000,-510.00000000,0,3.90000000,2.20000000,-1.60000000,0,Mass,,,,,,,,,,,,,0,<a refstr=HAN_ET_AL__2019 href=https://ui.adsabs.harvard.edu/abs/2019AJ....158..102H/abstract target=ref>Han et al. 2019</a>,,5912.00,49.00,-49.00,0,,,,,0.830000,0.470000,-0.330000,0,-0.2400,0.0500,-0.0500,0,[Fe/H],4.500000,0.100000,-0.100000,0,<a refstr=HAN_ET_AL__2019 href=https://ui.adsabs.harvard.edu/abs/2019AJ....158..102H/abstract target=ref>Han et al. 2019</a>,18h08m42.47s,272.1769583,-29d50m08.9s,-29.8358056,4200.00000000,1600.00000000,-1600.00000000,18.2100000,0.1100000,-0.1100000,,,,,,,2019-12-05,2019-09,2019-12-05
OGLE-2018-BLG-0740L b,OGLE-2018-BLG-0740L,0,1,1,Microlensing,2019,OGLE,Published Confirmed,0,<a refstr=HAN_ET_AL__2019 href=https://ui.adsabs.harvard.edu/abs/2019AJ....158..102H/abstract target=ref>Han et al. 2019</a>,,,,,2.0000000000,0.2000000000,-0.3000000000,0,,,,,,,,,350.00000000,200.00000000,-200.00000000,0,1.10000000,0.70000000,-0.60000000,0,Mass,,,,,,,,,,,,,0,<a refstr=HAN_ET_AL__2019 href=https://ui.adsabs.harvard.edu/abs/2019AJ....158..102H/abstract target=ref>Han et al. 2019</a>,,5912.00,49.00,-49.00,0,,,,,0.470000,0.310000,-0.240000,0,-0.2400,0.0500,-0.0500,0,[Fe/H],4.500000,0.100000,-0.100000,0,<a refstr=HAN_ET_AL__2019 href=https://ui.adsabs.harvard.edu/abs/2019AJ....158..102H/abstract target=ref>Han et al. 2019</a>,18h08m42.47s,272.1769583,-29d50m08.9s,-29.8358056,7200.00000000,900.00000000,-1000.00000000,18.2100000,0.1100000,-0.1100000,,,,,,,2019-12-05,2019-09,2019-12-05
OGLE-2018-BLG-0740L b,OGLE-2018-BLG-0740L,0,1,1,Microlensing,2019,OGLE,Published Confirmed,0,<a refstr=HAN_ET_AL__2019 href=https://ui.adsabs.harvard.edu/abs/2019AJ....158..102H/abstract target=ref>Han et al. 2019</a>,,,,,1.5000000000,0.2000000000,-0.2000000000,0,,,,,,,,,350.00000000,200.00000000,-200.00000000,0,1.10000000,0.70000000,-0.60000000,0,Mass,,,,,,,,,,,,,0,<a refstr=HAN_ET_AL__2019 href=https://ui.adsabs.harvard.edu/abs/2019AJ....158..102H/abstract target=ref>Han et al. 2019</a>,,5912.00,49.00,-49.00,0,,,,,0.470000,0.310000,-0.240000,0,-0.2400,0.0500,-0.0500,0,[Fe/H],4.500000,0.100000,-0.100000,0,<a refstr=HAN_ET_AL__2019 href=https://ui.adsabs.harvard.edu/abs/2019AJ....158..102H/abstract target=ref>Han et al. 2019</a>,18h08m42.47s,272.1769583,-29d50m08.9s,-29.8358056,7200.00000000,900.00000000,-1000.00000000,18.2100000,0.1100000,-0.1100000,,,,,,,2019-12-05,2019-09,2019-12-05
OGLE-2018-BLG-0740L b,OGLE-2018-BLG-0740L,1,1,1,Microlensing,2019,OGLE,Published Confirmed,0,<a refstr=HAN_ET_AL__2019 href=https://ui.adsabs.harvard.edu/abs/2019AJ....158..102H/abstract target=ref>Han et al. 2019</a>,5480.00000000000,1200.00000000000,-1200.00000000000,0,5.0000000000,0.3000000000,-0.3000000000,0,,,,,,,,,1500.00000000,200.00000000,-200.00000000,0,4.80000000,0.60000000,-0.60000000,0,Mass,0.000000,,,0,,,,,,,,,0,<a refstr=HAN_ET_AL__2019 href=https://ui.adsabs.harvard.edu/abs/2019AJ....158..102H/abstract target=ref>Han et al. 2019</a>,G V,5912.00,49.00,-49.00,0,,,,,1.000000,0.100000,-0.100000,0,-0.2400,0.0500,-0.0500,0,[Fe/H],4.500000,0.100000,-0.100000,0,<a refstr=HAN_ET_AL__2019 href=https://ui.adsabs.harvard.edu/abs/2019AJ....158..102H/abstract target=ref>Han et al. 2019</a>,18h08m42.47s,272.1769583,-29d50m08.9s,-29.8358056,3200.00000000,500.00000000,-500.00000000,18.2100000,0.1100000,-0.1100000,,,,,,,2019-12-05,2019-09,2019-09-12
OGLE-2018-BLG-0740L b,OGLE-2018-BLG-0740L,0,1,1,Microlensing,2019,OGLE,Published Confirmed,0,<a refstr=HAN_ET_AL__2019 href=https://ui.adsabs.harvard.edu/abs/2019AJ....158..102H/abstract target=ref>Han et al. 2019</a>,3140.00000000000,690.00000000000,-690.00000000000,0,3.4000000000,0.2000000000,-0.2000000000,0,,,,,,,,,1400.00000000,200.00000000,-200.00000000,0,4.50000000,0.60000000,-0.60000000,0,Mass,0.000000,,,0,,,,,,,,,0,<a refstr=HAN_ET_AL__2019 href=https://ui.adsabs.harvard.edu/abs/2019AJ....158..102H/abstract target=ref>Han et al. 2019</a>,,5912.00,49.00,-49.00,0,,,,,1.000000,0.100000,-0.100000,0,-0.2400,0.0500,-0.0500,0,[Fe/H],4.500000,0.100000,-0.100000,0,<a refstr=HAN_ET_AL__2019 href=https://ui.adsabs.harvard.edu/abs/2019AJ....158..102H/abstract target=ref>Han et al. 2019</a>,18h08m42.47s,272.1769583,-29d50m08.9s,-29.8358056,3200.00000000,500.00000000,-500.00000000,18.2100000,0.1100000,-0.1100000,,,,,,,2022-06-27,2019-09,2022-06-27
OGLE-2018-BLG-0740L b,OGLE-2018-BLG-0740L,0,1,1,Microlensing,2019,OGLE,Published Confirmed,0,<a refstr=HAN_ET_AL__2019 href=https://ui.adsabs.harvard.edu/abs/2019AJ....158..102H/abstract target=ref>Han et al. 2019</a>,,,,,4.6000000000,1.8000000000,-1.8000000000,0,,,,,,,,,1200.00000000,700.00000000,-510.00000000,0,3.90000000,2.20000000,-1.60000000,0,Mass,,,,,,,,,,,,,0,<a refstr=HAN_ET_AL__2019 href=https://ui.adsabs.harvard.edu/abs/2019AJ....158..102H/abstract target=ref>Han et al. 2019</a>,,5912.00,49.00,-49.00,0,,,,,0.830000,0.470000,-0.330000,0,-0.2400,0.0500,-0.0500,0,[Fe/H],4.500000,0.100000,-0.100000,0,<a refstr=HAN_ET_AL__2019 href=https://ui.adsabs.harvard.edu/abs/2019AJ....158..102H/abstract target=ref>Han et al. 2019</a>,18h08m42.47s,272.1769583,-29d50m08.9s,-29.8358056,4200.00000000,1600.00000000,-1600.00000000,18.2100000,0.1100000,-0.1100000,,,,,,,2019-12-05,2019-09,2019-12-05
OGLE-2018-BLG-1011L b,OGLE-2018-BLG-1011L,0,1,2,Microlensing,2019,OGLE,Published Confirmed,0,<a refstr=HAN_ET_AL__2019 href=https://ui.adsabs.harvard.edu/abs/2019AJ....158..114H/abstract target=ref>Han et al. 2019</a>,,,,,0.8000000000,0.9000000000,-0.6000000000,0,,,,,,,,,570.00000000,1100.00000000,-350.00000000,0,1.80000000,3.40000000,-1.10000000,0,Mass,,,,,,,,,,,,,0,<a refstr=HAN_ET_AL__2019 href=https://ui.adsabs.harvard.edu/abs/2019AJ....158..114H/abstract target=ref>Han et al. 2019</a>,,,,,,,,,,0.180000,0.330000,-0.100000,0,,,,,,,,,,<a refstr=HAN_ET_AL__2019 href=https://ui.adsabs.harvard.edu/abs/2019AJ....158..114H/abstract target=ref>Han et al. 2019</a>,17h56m03.36s,269.0140000,-29d04m58.4s,-29.0828889,7100.00000000,1100.00000000,-1500.00000000,,,,,,,,,,2019-12-05,2019-09,2019-12-05
OGLE-2018-BLG-1011L b,OGLE-2018-BLG-1011L,1,1,2,Microlensing,2019,OGLE,Published Confirmed,0,<a refstr=HAN_ET_AL__2019 href=https://ui.adsabs.harvard.edu/abs/2019AJ....158..114H/abstract target=ref>Han et al. 2019</a>,,,,,1.8000000000,2.1000000000,-1.5000000000,0,,,,,,,,,570.00000000,1100.00000000,-350.00000000,0,1.80000000,3.40000000,-1.10000000,0,Mass,,,,,,,,,,,,,0,<a refstr=HAN_ET_AL__2019 href=https://ui.adsabs.harvard.edu/abs/2019AJ....158..114H/abstract target=ref>Han et al. 2019</a>,,,,,,,,,,0.180000,0.330000,-0.100000,0,,,,,,,,,,<a refstr=HAN_ET_AL__2019 href=https://ui.adsabs.harvard.edu/abs/2019AJ....158..114H/abstract target=ref>Han et al. 2019</a>,17h56m03.36s,269.0140000,-29d04m58.4s,-29.0828889,7100.00000000,1100.00000000,-1500.00000000,,,,,,,,,,2019-12-05,2019-09,2019-09-12
OGLE-2018-BLG-1011L b,OGLE-2018-BLG-1011L,0,1,2,Microlensing,2019,OGLE,Published Confirmed,0,<a refstr=HAN_ET_AL__2019 href=https://ui.adsabs.harvard.edu/abs/2019AJ....158..114H/abstract target=ref>Han et al. 2019</a>,,,,,1.8000000000,2.1000000000,-1.5000000000,0,,,,,,,,,570.00000000,1100.00000000,-350.00000000,0,1.80000000,3.40000000,-1.10000000,0,Mass,,,,,,,,,,,,,0,<a refstr=HAN_ET_AL__2019 href=https://ui.adsabs.harvard.edu/abs/2019AJ....158..114H/abstract target=ref>Han et al. 2019</a>,,,,,,,,,,0.180000,0.330000,-0.100000,0,,,,,,,,,,<a refstr=HAN_ET_AL__2019 href=https://ui.adsabs.harvard.edu/abs/2019AJ....158..114H/abstract target=ref>Han et al. 2019</a>,17h56m03.36s,269.0140000,-29d04m58.4s,-29.0828889,7100.00000000,1100.00000000,-1500.00000000,,,,,,,,,,2019-12-05,2019-09,2019-12-05
OGLE-2018-BLG-1011L b,OGLE-2018-BLG-1011L,0,1,2,Microlensing,2019,OGLE,Published Confirmed,0,<a refstr=HAN_ET_AL__2019 href=https://ui.adsabs.harvard.edu/abs/2019AJ....158..114H/abstract target=ref>Han et al. 2019</a>,,,,,0.8000000000,0.9000000000,-0.6000000000,0,,,,,,,,,570.00000000,1100.00000000,-350.00000000,0,1.80000000,3.40000000,-1.10000000,0,Mass,,,,,,,,,,,,,0,<a refstr=HAN_ET_AL__2019 href=https://ui.adsabs.harvard.edu/abs/2019AJ....158..114H/abstract target=ref>Han et al. 2019</a>,,,,,,,,,,0.180000,0.330000,-0.100000,0,,,,,,,,,,<a refstr=HAN_ET_AL__2019 href=https://ui.adsabs.harvard.edu/abs/2019AJ....158..114H/abstract target=ref>Han et al. 2019</a>,17h56m03.36s,269.0140000,-29d04m58.4s,-29.0828889,7100.00000000,1100.00000000,-1500.00000000,,,,,,,,,,2019-12-05,2019-09,2019-12-05
OGLE-2018-BLG-1011L c,OGLE-2018-BLG-1011L,0,1,2,Microlensing,2019,OGLE,Published Confirmed,0,<a refstr=HAN_ET_AL__2019 href=https://ui.adsabs.harvard.edu/abs/2019AJ....158..114H/abstract target=ref>Han et al. 2019</a>,,,,,0.8000000000,0.9000000000,-0.6000000000,0,,,,,,,,,890.00000000,1600.00000000,-540.00000000,0,2.80000000,5.10000000,-1.70000000,0,Mass,,,,,,,,,,,,,0,<a refstr=HAN_ET_AL__2019 href=https://ui.adsabs.harvard.edu/abs/2019AJ....158..114H/abstract target=ref>Han et al. 2019</a>,,,,,,,,,,0.180000,0.330000,-0.100000,0,,,,,,,,,,<a refstr=HAN_ET_AL__2019 href=https://ui.adsabs.harvard.edu/abs/2019AJ....158..114H/abstract target=ref>Han et al. 2019</a>,17h56m03.36s,269.0140000,-29d04m58.4s,-29.0828889,7100.00000000,1100.00000000,-1500.00000000,,,,,,,,,,2019-12-05,2019-09,2019-12-05
OGLE-2018-BLG-1011L c,OGLE-2018-BLG-1011L,0,1,2,Microlensing,2019,OGLE,Published Confirmed,0,<a refstr=HAN_ET_AL__2019 href=https://ui.adsabs.harvard.edu/abs/2019AJ....158..114H/abstract target=ref>Han et al. 2019</a>,,,,,0.8000000000,0.9000000000,-0.6000000000,0,,,,,,,,,890.00000000,1600.00000000,-540.00000000,0,2.80000000,5.10000000,-1.70000000,0,Mass,,,,,,,,,,,,,0,<a refstr=HAN_ET_AL__2019 href=https://ui.adsabs.harvard.edu/abs/2019AJ....158..114H/abstract target=ref>Han et al. 2019</a>,,,,,,,,,,0.180000,0.330000,-0.100000,0,,,,,,,,,,<a refstr=HAN_ET_AL__2019 href=https://ui.adsabs.harvard.edu/abs/2019AJ....158..114H/abstract target=ref>Han et al. 2019</a>,17h56m03.36s,269.0140000,-29d04m58.4s,-29.0828889,7100.00000000,1100.00000000,-1500.00000000,,,,,,,,,,2019-12-05,2019-09,2019-12-05
OGLE-2018-BLG-1011L c,OGLE-2018-BLG-1011L,1,1,2,Microlensing,2019,OGLE,Published Confirmed,0,<a refstr=HAN_ET_AL__2019 href=https://ui.adsabs.harvard.edu/abs/2019AJ....158..114H/abstract target=ref>Han et al. 2019</a>,,,,,0.8000000000,0.9000000000,-0.6000000000,0,,,,,,,,,890.00000000,1600.00000000,-540.00000000,0,2.80000000,5.10000000,-1.70000000,0,Mass,,,,,,,,,,,,,0,<a refstr=HAN_ET_AL__2019 href=https://ui.adsabs.harvard.edu/abs/2019AJ....158..114H/abstract target=ref>Han et al. 2019</a>,,,,,,,,,,0.180000,0.330000,-0.100000,0,,,,,,,,,,<a refstr=HAN_ET_AL__2019 href=https://ui.adsabs.harvard.edu/abs/2019AJ....158..114H/abstract target=ref>Han et al. 2019</a>,17h56m03.36s,269.0140000,-29d04m58.4s,-29.0828889,7100.00000000,1100.00000000,-1500.00000000,,,,,,,,,,2019-12-05,2019-09,2019-09-12
OGLE-2018-BLG-1011L c,OGLE-2018-BLG-1011L,0,1,2,Microlensing,2019,OGLE,Published Confirmed,0,<a refstr=HAN_ET_AL__2019 href=https://ui.adsabs.harvard.edu/abs/2019AJ....158..114H/abstract target=ref>Han et al. 2019</a>,,,,,0.8000000000,0.9000000000,-0.6000000000,0,,,,,,,,,890.00000000,1600.00000000,-540.00000000,0,2.80000000,5.10000000,-1.70000000,0,Mass,,,,,,,,,,,,,0,<a refstr=HAN_ET_AL__2019 href=https://ui.adsabs.harvard.edu/abs/2019AJ....158..114H/abstract target=ref>Han et al. 2019</a>,,,,,,,,,,0.180000,0.330000,-0.100000,0,,,,,,,,,,<a refstr=HAN_ET_AL__2019 href=https://ui.adsabs.harvard.edu/abs/2019AJ....158..114H/abstract target=ref>Han et al. 2019</a>,17h56m03.36s,269.0140000,-29d04m58.4s,-29.0828889,7100.00000000,1100.00000000,-1500.00000000,,,,,,,,,,2019-12-05,2019-09,2019-12-05
PDS 70 c,PDS 70,0,1,2,Imaging,2019,European Southern Observatory,Published Confirmed,0,<a refstr=HAFFERT_ET_AL__2019 href=https://ui.adsabs.harvard.edu/abs/2019NatAs...3..749H/abstract target=ref>Haffert et al. 2019</a>,,,,,34.5000000000,2.0000000000,-2.0000000000,0,,,,,,,,,3333.87384922,1666.93692461,-1666.93692461,0,10.48948762,5.24474381,-5.24474381,0,Msin(i)/sin(i),,,,,,,,,,,,,0,<a refstr=HAFFERT_ET_AL__2019 href=https://ui.adsabs.harvard.edu/abs/2019NatAs...3..749H/abstract target=ref>Haffert et al. 2019</a>,,,,,,,,,,,,,,,,,,,,,,,<a refstr=STASSUN_ET_AL__2019 href=https://ui.adsabs.harvard.edu/abs/2019AJ....158..138S/abstract target=ref>TICv8</a>,14h08m10.11s,212.0421402,-41d23m52.95s,-41.3980405,113.06400000,0.52300000,-0.51900000,12.0320000,0.0800000,-0.0800000,8.5420000,0.0230000,-0.0230000,11.5848000,0.0024370,-0.0024370,2020-07-06,2019-06,2019-06-13
PDS 70 c,PDS 70,1,1,2,Imaging,2019,European Southern Observatory,Published Confirmed,0,<a refstr=WANG_ET_AL__2020 href=https://ui.adsabs.harvard.edu/abs/2020AJ....159..263W/abstract target=ref>Wang et al. 2020</a>,,,,,34.0000000000,6.0000000000,-3.0000000000,0,22.86636000,6.83749000,-5.04405000,0,2.04000000,0.61000000,-0.45000000,0,635.66000000,317.83000000,-317.83000000,0,2.00000000,1.00000000,-1.00000000,0,Mass,0.110000,0.120000,-0.060000,0,,,,,995.00,71.00,-49.00,0,0,<a refstr=WANG_ET_AL__2020 href=https://ui.adsabs.harvard.edu/abs/2020AJ....159..263W/abstract target=ref>Wang et al. 2020</a>,,3972.00,36.00,-36.00,0,,,,,,,,,,,,,,,,,,<a refstr=STASSUN_ET_AL__2019 href=https://ui.adsabs.harvard.edu/abs/2019AJ....158..138S/abstract target=ref>TICv8</a>,14h08m10.11s,212.0421402,-41d23m52.95s,-41.3980405,113.06400000,0.52300000,-0.51900000,12.0320000,0.0800000,-0.0800000,8.5420000,0.0230000,-0.0230000,11.5848000,0.0024370,-0.0024370,2020-07-06,2020-06,2020-07-09
Qatar-10 b,Qatar-10,0,1,1,Transit,2019,Qatar,Published Confirmed,0,<a refstr=IVSHINA__AMP__WINN_2022 href=https://ui.adsabs.harvard.edu/abs/2022ApJS..259...62I/abstract target=ref>Ivshina &amp; Winn 2022</a>,1.64532608000,0.00000045000,-0.00000045000,0,,,,,,,,,,,,,,,,,,,,,,,,,,,,,,,,,,0,,,,,,,,,,,,,,,,,,,,,,,,<a refstr=STASSUN_ET_AL__2019 href=https://ui.adsabs.harvard.edu/abs/2019AJ....158..138S/abstract target=ref>TICv8</a>,18h57m46.54s,284.4439052,+69d34m15.01s,69.5708373,559.06800000,6.08500000,-5.95700000,12.8680000,0.0570000,-0.0570000,11.3820000,0.0170000,-0.0170000,12.6978000,0.0002240,-0.0002240,2022-10-18,2022-04,2022-10-18
Qatar-10 b,Qatar-10,0,1,1,Transit,2019,Qatar,Published Confirmed,0,<a refstr=PATEL__AMP__ESPINOZA_2022 href=https://ui.adsabs.harvard.edu/abs/2022AJ....163..228P/abstract target=ref>Patel &amp; Espinoza 2022</a>,1.64531960000,0.00000660000,-0.00000660000,0,,,,,,,,,,,,,,,,,,,,,,,,,,,,,,,,,,0,<a refstr=ALSUBAI_ET_AL__2019 href=https://ui.adsabs.harvard.edu/abs/2019AJ....157..224A/abstract target=ref>Alsubai et al. 2019</a>,F7 V,6124.00,46.00,-46.00,0,1.254000,0.026000,-0.026000,0,1.156000,0.068000,-0.068000,0,0.0160,0.0890,-0.0890,0,[Fe/H],4.303000,0.027000,-0.027000,0,<a refstr=STASSUN_ET_AL__2019 href=https://ui.adsabs.harvard.edu/abs/2019AJ....158..138S/abstract target=ref>TICv8</a>,18h57m46.54s,284.4439052,+69d34m15.01s,69.5708373,559.06800000,6.08500000,-5.95700000,12.8680000,0.0570000,-0.0570000,11.3820000,0.0170000,-0.0170000,12.6978000,0.0002240,-0.0002240,2022-05-03,2022-05,2022-05-03
Qatar-10 b,Qatar-10,0,1,1,Transit,2019,Qatar,TESS Project Candidate,0,<a refstr=EXOFOP_TESS_TOI href=https://exofop.ipac.caltech.edu/tess/view_toi.php target=ref>ExoFOP-TESS TOI</a>,1.64532650000,0.00000030000,-0.00000030000,0,,,,,19.05360000,0.84976600,-0.84976600,0,1.69985126,0.07581118,-0.07581118,0,,,,,,,,,,,,,,1816.4800,,,0,1818.00,,,0,0,<a refstr=EXOFOP_TESS_TOI href=https://exofop.ipac.caltech.edu/tess/view_toi.php target=ref>ExoFOP-TESS TOI</a>,,6023.00,120.70,-120.70,0,1.320000,0.060000,-0.060000,0,,,,,,,,,,4.250000,0.080000,-0.080000,0,<a refstr=STASSUN_ET_AL__2019 href=https://ui.adsabs.harvard.edu/abs/2019AJ....158..138S/abstract target=ref>TICv8</a>,18h57m46.54s,284.4439052,+69d34m15.01s,69.5708373,559.06800000,6.08500000,-5.95700000,12.8680000,0.0570000,-0.0570000,11.3820000,0.0170000,-0.0170000,12.6978000,0.0002240,-0.0002240,2022-10-10,2017-07,2022-10-10
Qatar-10 b,Qatar-10,0,1,1,Transit,2019,Qatar,Published Confirmed,0,<a refstr=KOKORI_ET_AL__2023 href=https://ui.adsabs.harvard.edu/abs/2023ApJS..265....4K/abstract target=ref>Kokori et al. 2023</a>,1.64532652000,0.00000050000,-0.00000050000,0,,,,,,,,,,,,,,,,,,,,,,,,,,,,,,,,,,0,<a refstr=ALSUBAI_ET_AL__2019 href=https://ui.adsabs.harvard.edu/abs/2019AJ....157..224A/abstract target=ref>Alsubai et al. 2019</a>,F7 V,6124.00,46.00,-46.00,0,1.254000,0.026000,-0.026000,0,1.156000,0.068000,-0.068000,0,0.0160,0.0890,-0.0890,0,[Fe/H],4.303000,0.027000,-0.027000,0,<a refstr=STASSUN_ET_AL__2019 href=https://ui.adsabs.harvard.edu/abs/2019AJ....158..138S/abstract target=ref>TICv8</a>,18h57m46.54s,284.4439052,+69d34m15.01s,69.5708373,559.06800000,6.08500000,-5.95700000,12.8680000,0.0570000,-0.0570000,11.3820000,0.0170000,-0.0170000,12.6978000,0.0002240,-0.0002240,2024-03-04,2023-03,2024-03-04
Qatar-10 b,Qatar-10,1,1,1,Transit,2019,Qatar,Published Confirmed,0,<a refstr=ALSUBAI_ET_AL__2019 href=https://ui.adsabs.harvard.edu/abs/2019AJ....157..224A/abstract target=ref>Alsubai et al. 2019</a>,1.64532100000,0.00001000000,-0.00001000000,0,0.0286000000,0.0006000000,-0.0006000000,0,17.29548700,0.44836000,-0.44836000,0,1.54300000,0.04000000,-0.04000000,0,233.92288000,28.60470000,-28.60470000,0,0.73600000,0.09000000,-0.09000000,0,Mass,0.000000,,,0,,,,,1955.00,25.00,-25.00,0,0,<a refstr=ALSUBAI_ET_AL__2019 href=https://ui.adsabs.harvard.edu/abs/2019AJ....157..224A/abstract target=ref>Alsubai et al. 2019</a>,F7 V,6124.00,46.00,-46.00,0,1.254000,0.026000,-0.026000,0,1.156000,0.068000,-0.068000,0,0.0160,0.0890,-0.0890,0,[Fe/H],4.303000,0.027000,-0.027000,0,<a refstr=STASSUN_ET_AL__2019 href=https://ui.adsabs.harvard.edu/abs/2019AJ....158..138S/abstract target=ref>TICv8</a>,18h57m46.54s,284.4439052,+69d34m15.01s,69.5708373,559.06800000,6.08500000,-5.95700000,12.8680000,0.0570000,-0.0570000,11.3820000,0.0170000,-0.0170000,12.6978000,0.0002240,-0.0002240,2019-04-30,2019-06,2019-05-02
Qatar-7 b,Qatar-7,0,1,1,Transit,2019,Qatar,Published Confirmed,0,<a refstr=IVSHINA__AMP__WINN_2022 href=https://ui.adsabs.harvard.edu/abs/2022ApJS..259...62I/abstract target=ref>Ivshina &amp; Winn 2022</a>,2.03206900000,0.00001800000,-0.00001800000,0,,,,,,,,,,,,,,,,,,,,,,,,,,,,,,,,,,0,,,,,,,,,,,,,,,,,,,,,,,,<a refstr=STASSUN_ET_AL__2019 href=https://ui.adsabs.harvard.edu/abs/2019AJ....158..138S/abstract target=ref>TICv8</a>,23h54m03.63s,358.5151344,+37d01m18.57s,37.0218242,705.98100000,26.06600000,-24.30500000,13.1340000,0.0690000,-0.0690000,11.5610000,0.0200000,-0.0200000,12.9275000,0.0004230,-0.0004230,2022-10-18,2022-04,2022-10-18
Qatar-7 b,Qatar-7,1,1,1,Transit,2019,Qatar,Published Confirmed,0,<a refstr=ALSUBAI_ET_AL__2019 href=https://ui.adsabs.harvard.edu/abs/2019AJ....157...74A/abstract target=ref>Alsubai et al. 2019</a>,2.03204600000,0.00000970000,-0.00001400000,0,0.0352000000,0.0002000000,-0.0002000000,0,19.05530000,0.33627000,-0.33627000,0,1.70000000,0.03000000,-0.03000000,0,597.52040000,79.45750000,-79.45750000,0,1.88000000,0.25000000,-0.25000000,0,Mass,0.000000,,,0,,,,,2053.00,15.00,-15.00,0,0,<a refstr=ALSUBAI_ET_AL__2019 href=https://ui.adsabs.harvard.edu/abs/2019AJ....157...74A/abstract target=ref>Alsubai et al. 2019</a>,F4 V,6387.00,38.00,-38.00,0,1.564000,0.021000,-0.021000,0,1.409000,0.026000,-0.026000,0,0.2760,0.0710,-0.0710,0,[Fe/H],4.196000,0.029000,-0.029000,0,<a refstr=STASSUN_ET_AL__2019 href=https://ui.adsabs.harvard.edu/abs/2019AJ....158..138S/abstract target=ref>TICv8</a>,23h54m03.63s,358.5151344,+37d01m18.57s,37.0218242,705.98100000,26.06600000,-24.30500000,13.1340000,0.0690000,-0.0690000,11.5610000,0.0200000,-0.0200000,12.9275000,0.0004230,-0.0004230,2020-05-01,2019-02,2020-05-07
Qatar-7 b,Qatar-7,0,1,1,Transit,2019,Qatar,TESS Project Candidate,0,<a refstr=EXOFOP_TESS_TOI href=https://exofop.ipac.caltech.edu/tess/view_toi.php target=ref>ExoFOP-TESS TOI</a>,2.03198834489,0.00009390641,-0.00009390641,0,,,,,17.71639788,1.06996550,-1.06996550,0,1.58055387,0.09545609,-0.09545609,0,,,,,,,,,,,,,,2886.2922,,,0,1869.41,,,0,0,<a refstr=EXOFOP_TESS_TOI href=https://exofop.ipac.caltech.edu/tess/view_toi.php target=ref>ExoFOP-TESS TOI</a>,,6161.00,134.74,-134.74,0,1.565230,0.091457,-0.091457,0,,,,,,,,,,4.117100,0.092199,-0.092199,0,<a refstr=STASSUN_ET_AL__2019 href=https://ui.adsabs.harvard.edu/abs/2019AJ....158..138S/abstract target=ref>TICv8</a>,23h54m03.63s,358.5151344,+37d01m18.57s,37.0218242,705.98100000,26.06600000,-24.30500000,13.1340000,0.0690000,-0.0690000,11.5610000,0.0200000,-0.0200000,12.9275000,0.0004230,-0.0004230,2023-01-04,2017-07,2023-01-04
Qatar-7 b,Qatar-7,0,1,1,Transit,2019,Qatar,Published Confirmed,0,<a refstr=KOKORI_ET_AL__2023 href=https://ui.adsabs.harvard.edu/abs/2023ApJS..265....4K/abstract target=ref>Kokori et al. 2023</a>,2.03202332000,0.00000033000,-0.00000033000,0,,,,,,,,,,,,,,,,,,,,,,,,,,,,,,,,,,0,<a refstr=ALSUBAI_ET_AL__2019 href=https://ui.adsabs.harvard.edu/abs/2019AJ....157...74A/abstract target=ref>Alsubai et al. 2019</a>,F4 V,6387.00,38.00,-38.00,0,1.564000,0.021000,-0.021000,0,1.409000,0.026000,-0.026000,0,0.2760,0.0710,-0.0710,0,[Fe/H],4.196000,0.029000,-0.029000,0,<a refstr=STASSUN_ET_AL__2019 href=https://ui.adsabs.harvard.edu/abs/2019AJ....158..138S/abstract target=ref>TICv8</a>,23h54m03.63s,358.5151344,+37d01m18.57s,37.0218242,705.98100000,26.06600000,-24.30500000,13.1340000,0.0690000,-0.0690000,11.5610000,0.0200000,-0.0200000,12.9275000,0.0004230,-0.0004230,2024-03-04,2023-03,2024-03-04
Qatar-8 b,Qatar-8,0,1,1,Transit,2019,Qatar,Published Confirmed,0,<a refstr=IVSHINA__AMP__WINN_2022 href=https://ui.adsabs.harvard.edu/abs/2022ApJS..259...62I/abstract target=ref>Ivshina &amp; Winn 2022</a>,3.71464670000,0.00000150000,-0.00000150000,0,,,,,,,,,,,,,,,,,,,,,,,,,,,,,,,,,,0,,,,,,,,,,,,,,,,,,,,,,,,<a refstr=STASSUN_ET_AL__2019 href=https://ui.adsabs.harvard.edu/abs/2019AJ....158..138S/abstract target=ref>TICv8</a>,10h29m38.96s,157.4123405,+70d31m37.50s,70.5270835,281.49800000,2.58800000,-2.54300000,11.7100000,0.0160000,-0.0160000,9.9370000,0.0150000,-0.0150000,11.3494000,0.0005250,-0.0005250,2022-10-18,2022-04,2022-10-18
Qatar-8 b,Qatar-8,1,1,1,Transit,2019,Qatar,Published Confirmed,0,<a refstr=ALSUBAI_ET_AL__2019 href=https://ui.adsabs.harvard.edu/abs/2019AJ....157..224A/abstract target=ref>Alsubai et al. 2019</a>,3.71495000000,0.00100000000,-0.00100000000,0,0.0474000000,0.0008000000,-0.0008000000,0,14.40356500,0.24659800,-0.24659800,0,1.28500000,0.02200000,-0.02200000,0,117.91493000,19.70546000,-19.70546000,0,0.37100000,0.06200000,-0.06200000,0,Mass,0.000000,,,0,,,,,1457.00,14.00,-14.00,0,0,<a refstr=ALSUBAI_ET_AL__2019 href=https://ui.adsabs.harvard.edu/abs/2019AJ....157..224A/abstract target=ref>Alsubai et al. 2019</a>,G0 V,5738.00,51.00,-51.00,0,1.315000,0.020000,-0.020000,0,1.029000,0.051000,-0.051000,0,0.0250,0.0710,-0.0710,0,[Fe/H],4.214000,0.016000,-0.016000,0,<a refstr=STASSUN_ET_AL__2019 href=https://ui.adsabs.harvard.edu/abs/2019AJ....158..138S/abstract target=ref>TICv8</a>,10h29m38.96s,157.4123405,+70d31m37.50s,70.5270835,281.49800000,2.58800000,-2.54300000,11.7100000,0.0160000,-0.0160000,9.9370000,0.0150000,-0.0150000,11.3494000,0.0005250,-0.0005250,2019-04-30,2019-06,2019-05-02
Qatar-8 b,Qatar-8,0,1,1,Transit,2019,Qatar,Published Confirmed,0,<a refstr=KOKORI_ET_AL__2023 href=https://ui.adsabs.harvard.edu/abs/2023ApJS..265....4K/abstract target=ref>Kokori et al. 2023</a>,3.71464580000,0.00000290000,-0.00000290000,0,,,,,,,,,,,,,,,,,,,,,,,,,,,,,,,,,,0,<a refstr=ALSUBAI_ET_AL__2019 href=https://ui.adsabs.harvard.edu/abs/2019AJ....157..224A/abstract target=ref>Alsubai et al. 2019</a>,G0 V,5738.00,51.00,-51.00,0,1.315000,0.020000,-0.020000,0,1.029000,0.051000,-0.051000,0,0.0250,0.0710,-0.0710,0,[Fe/H],4.214000,0.016000,-0.016000,0,<a refstr=STASSUN_ET_AL__2019 href=https://ui.adsabs.harvard.edu/abs/2019AJ....158..138S/abstract target=ref>TICv8</a>,10h29m38.96s,157.4123405,+70d31m37.50s,70.5270835,281.49800000,2.58800000,-2.54300000,11.7100000,0.0160000,-0.0160000,9.9370000,0.0150000,-0.0150000,11.3494000,0.0005250,-0.0005250,2024-03-04,2023-03,2024-03-04
Qatar-8 b,Qatar-8,0,1,1,Transit,2019,Qatar,TESS Project Candidate,0,<a refstr=EXOFOP_TESS_TOI href=https://exofop.ipac.caltech.edu/tess/view_toi.php target=ref>ExoFOP-TESS TOI</a>,3.71464780000,0.00000150000,-0.00000150000,0,,,,,15.23080000,0.75929900,-0.75929900,0,1.35880330,0.06774024,-0.06774024,0,,,,,,,,,,,,,,698.1480,,,0,1432.00,,,0,0,<a refstr=EXOFOP_TESS_TOI href=https://exofop.ipac.caltech.edu/tess/view_toi.php target=ref>ExoFOP-TESS TOI</a>,,5783.00,125.20,-125.20,0,1.320000,0.070000,-0.070000,0,,,,,,,,,,4.210000,0.070000,-0.070000,0,<a refstr=STASSUN_ET_AL__2019 href=https://ui.adsabs.harvard.edu/abs/2019AJ....158..138S/abstract target=ref>TICv8</a>,10h29m38.96s,157.4123405,+70d31m37.50s,70.5270835,281.49800000,2.58800000,-2.54300000,11.7100000,0.0160000,-0.0160000,9.9370000,0.0150000,-0.0150000,11.3494000,0.0005250,-0.0005250,2022-08-09,2017-07,2022-08-09
Qatar-8 b,Qatar-8,0,1,1,Transit,2019,Qatar,Published Confirmed,0,<a refstr=MACIEJEWSKI_2020 href=https://ui.adsabs.harvard.edu/abs/2020AcA....70..181M/abstract target=ref>Maciejewski 2020</a>,3.71464280000,0.00000600000,-0.00000600000,0,,,,,,,,,,,,,,,,,,,,,,,,,,,,,,,,,,0,<a refstr=STASSUN_ET_AL__2019 href=https://ui.adsabs.harvard.edu/abs/2019AJ....158..138S/abstract target=ref>TICv8</a>,,5783.00,98.77,-151.64,0,1.324250,0.064572,-0.067157,0,1.040000,0.115854,-0.142586,0,,,,,,4.211160,0.065699,-0.081394,0,<a refstr=STASSUN_ET_AL__2019 href=https://ui.adsabs.harvard.edu/abs/2019AJ....158..138S/abstract target=ref>TICv8</a>,10h29m38.96s,157.4123405,+70d31m37.50s,70.5270835,281.49800000,2.58800000,-2.54300000,11.7100000,0.0160000,-0.0160000,9.9370000,0.0150000,-0.0150000,11.3494000,0.0005250,-0.0005250,2020-11-13,2020-09,2020-11-19
Qatar-9 b,Qatar-9,1,1,1,Transit,2019,Qatar,Published Confirmed,0,<a refstr=ALSUBAI_ET_AL__2019 href=https://ui.adsabs.harvard.edu/abs/2019AJ....157..224A/abstract target=ref>Alsubai et al. 2019</a>,1.54073100000,0.00003800000,-0.00003800000,0,0.0234000000,0.0003000000,-0.0003000000,0,11.30988100,0.15692600,-0.15692600,0,1.00900000,0.01400000,-0.01400000,0,378.21770000,50.85280000,-50.85280000,0,1.19000000,0.16000000,-0.16000000,0,Mass,0.000000,,,0,,,,,1134.00,9.00,-9.00,0,0,<a refstr=ALSUBAI_ET_AL__2019 href=https://ui.adsabs.harvard.edu/abs/2019AJ....157..224A/abstract target=ref>Alsubai et al. 2019</a>,K5 V,4309.00,31.00,-31.00,0,0.696000,0.008000,-0.008000,0,0.719000,0.024000,-0.024000,0,0.2520,0.0760,-0.0760,0,[Fe/H],4.610000,0.010000,-0.010000,0,<a refstr=STASSUN_ET_AL__2019 href=https://ui.adsabs.harvard.edu/abs/2019AJ....158..138S/abstract target=ref>TICv8</a>,10h42m59.54s,160.7480950,+60d57m50.83s,60.9641194,213.77100000,0.84000000,-0.83400000,14.0230000,0.0920000,-0.0920000,11.1040000,0.0230000,-0.0230000,13.6871000,0.0002610,-0.0002610,2019-04-30,2019-06,2019-05-02
Qatar-9 b,Qatar-9,0,1,1,Transit,2019,Qatar,TESS Project Candidate,0,<a refstr=EXOFOP_TESS_TOI href=https://exofop.ipac.caltech.edu/tess/view_toi.php target=ref>ExoFOP-TESS TOI</a>,1.54077600000,0.00000070000,-0.00000070000,0,,,,,13.36740000,1.19630000,-1.19630000,0,1.19256160,0.10672692,-0.10672692,0,,,,,,,,,,,,,,210.6690,,,0,1061.00,,,0,0,<a refstr=EXOFOP_TESS_TOI href=https://exofop.ipac.caltech.edu/tess/view_toi.php target=ref>ExoFOP-TESS TOI</a>,,4234.00,120.10,-120.10,0,0.770000,0.070000,-0.070000,0,,,,,,,,,,4.490000,0.100000,-0.100000,0,<a refstr=STASSUN_ET_AL__2019 href=https://ui.adsabs.harvard.edu/abs/2019AJ....158..138S/abstract target=ref>TICv8</a>,10h42m59.54s,160.7480950,+60d57m50.83s,60.9641194,213.77100000,0.84000000,-0.83400000,14.0230000,0.0920000,-0.0920000,11.1040000,0.0230000,-0.0230000,13.6871000,0.0002610,-0.0002610,2024-08-30,2017-07,2024-08-30
Qatar-9 b,Qatar-9,0,1,1,Transit,2019,Qatar,Published Confirmed,0,<a refstr=IVSHINA__AMP__WINN_2022 href=https://ui.adsabs.harvard.edu/abs/2022ApJS..259...62I/abstract target=ref>Ivshina &amp; Winn 2022</a>,1.54077534000,0.00000046000,-0.00000046000,0,,,,,,,,,,,,,,,,,,,,,,,,,,,,,,,,,,0,,,,,,,,,,,,,,,,,,,,,,,,<a refstr=STASSUN_ET_AL__2019 href=https://ui.adsabs.harvard.edu/abs/2019AJ....158..138S/abstract target=ref>TICv8</a>,10h42m59.54s,160.7480950,+60d57m50.83s,60.9641194,213.77100000,0.84000000,-0.83400000,14.0230000,0.0920000,-0.0920000,11.1040000,0.0230000,-0.0230000,13.6871000,0.0002610,-0.0002610,2022-10-18,2022-04,2022-10-18
Qatar-9 b,Qatar-9,0,1,1,Transit,2019,Qatar,Published Confirmed,0,<a refstr=KOKORI_ET_AL__2023 href=https://ui.adsabs.harvard.edu/abs/2023ApJS..265....4K/abstract target=ref>Kokori et al. 2023</a>,1.54077512000,0.00000045000,-0.00000045000,0,,,,,,,,,,,,,,,,,,,,,,,,,,,,,,,,,,0,<a refstr=ALSUBAI_ET_AL__2019 href=https://ui.adsabs.harvard.edu/abs/2019AJ....157..224A/abstract target=ref>Alsubai et al. 2019</a>,K5 V,4309.00,31.00,-31.00,0,0.696000,0.008000,-0.008000,0,0.719000,0.024000,-0.024000,0,0.2520,0.0760,-0.0760,0,[Fe/H],4.610000,0.010000,-0.010000,0,<a refstr=STASSUN_ET_AL__2019 href=https://ui.adsabs.harvard.edu/abs/2019AJ....158..138S/abstract target=ref>TICv8</a>,10h42m59.54s,160.7480950,+60d57m50.83s,60.9641194,213.77100000,0.84000000,-0.83400000,14.0230000,0.0920000,-0.0920000,11.1040000,0.0230000,-0.0230000,13.6871000,0.0002610,-0.0002610,2024-03-04,2023-03,2024-03-04
TOI-125 b,TOI-125,0,1,3,Transit,2019,Transiting Exoplanet Survey Satellite (TESS),Published Confirmed,0,<a refstr=KOKORI_ET_AL__2023 href=https://ui.adsabs.harvard.edu/abs/2023ApJS..265....4K/abstract target=ref>Kokori et al. 2023</a>,4.65185300000,0.00001900000,-0.00001900000,0,,,,,,,,,,,,,,,,,,,,,,0.194000,0.041000,-0.036000,0,,,,,,,,,0,<a refstr=QUINN_ET_AL__2019 href=https://ui.adsabs.harvard.edu/abs/2019AJ....158..177Q/abstract target=ref>Quinn et al. 2019</a>,K0 V,5282.00,67.00,-75.00,0,0.852000,0.017000,-0.016000,0,0.871000,0.046000,-0.040000,0,0.0690,0.0830,-0.0810,0,[Fe/H],4.518000,0.027000,-0.027000,0,<a refstr=STASSUN_ET_AL__2019 href=https://ui.adsabs.harvard.edu/abs/2019AJ....158..138S/abstract target=ref>TICv8</a>,01h34m22.42s,23.5934253,-66d40m34.86s,-66.6763495,111.05900000,0.44400000,-0.44000000,11.0230000,0.0080000,-0.0080000,8.9950000,0.0210000,-0.0210000,10.7180000,0.0004110,-0.0004110,2024-03-04,2023-03,2024-03-04
TOI-125 b,TOI-125,0,1,3,Transit,2019,Transiting Exoplanet Survey Satellite (TESS),TESS Project Candidate,0,<a refstr=EXOFOP_TESS_TOI href=https://exofop.ipac.caltech.edu/tess/view_toi.php target=ref>ExoFOP-TESS TOI</a>,4.65171860000,0.00000830000,-0.00000830000,0,,,,,2.66889000,0.20369800,-0.20369800,0,0.23810283,0.01817275,-0.01817275,0,,,,,,,,,,,,,,540.7720,,,0,1343.00,,,0,0,<a refstr=EXOFOP_TESS_TOI href=https://exofop.ipac.caltech.edu/tess/view_toi.php target=ref>ExoFOP-TESS TOI</a>,,5154.00,182.00,-182.00,0,0.850000,0.050000,-0.050000,0,,,,,,,,,,4.470720,0.285010,-0.285010,0,<a refstr=STASSUN_ET_AL__2019 href=https://ui.adsabs.harvard.edu/abs/2019AJ....158..138S/abstract target=ref>TICv8</a>,01h34m22.42s,23.5934253,-66d40m34.86s,-66.6763495,111.05900000,0.44400000,-0.44000000,11.0230000,0.0080000,-0.0080000,8.9950000,0.0210000,-0.0210000,10.7180000,0.0004110,-0.0004110,2023-12-04,2017-07,2023-12-04
TOI-125 b,TOI-125,0,1,3,Transit,2019,Transiting Exoplanet Survey Satellite (TESS),Published Confirmed,0,<a refstr=QUINN_ET_AL__2019 href=https://ui.adsabs.harvard.edu/abs/2019AJ....158..177Q/abstract target=ref>Quinn et al. 2019</a>,4.65382000000,0.00032000000,-0.00031000000,0,0.0521000000,0.0009000000,-0.0008200000,0,2.75500000,0.09100000,-0.07900000,0,0.24578464,0.00811848,-0.00704791,0,,,,,,,,,,0.183000,0.140000,-0.098000,0,179.0000,12.0000,-14.0000,0,1029.00,14.00,-14.00,0,0,<a refstr=QUINN_ET_AL__2019 href=https://ui.adsabs.harvard.edu/abs/2019AJ....158..177Q/abstract target=ref>Quinn et al. 2019</a>,K0 V,5282.00,67.00,-75.00,0,0.852000,0.017000,-0.016000,0,0.871000,0.046000,-0.040000,0,0.0690,0.0830,-0.0810,0,[Fe/H],4.518000,0.027000,-0.027000,0,<a refstr=STASSUN_ET_AL__2019 href=https://ui.adsabs.harvard.edu/abs/2019AJ....158..138S/abstract target=ref>TICv8</a>,01h34m22.42s,23.5934253,-66d40m34.86s,-66.6763495,111.05900000,0.44400000,-0.44000000,11.0230000,0.0080000,-0.0080000,8.9950000,0.0210000,-0.0210000,10.7180000,0.0004110,-0.0004110,2020-02-06,2019-11,2019-11-07
TOI-125 b,TOI-125,1,1,3,Transit,2019,Transiting Exoplanet Survey Satellite (TESS),Published Confirmed,0,<a refstr=NIELSEN_ET_AL__2020 href=https://ui.adsabs.harvard.edu/abs/2020MNRAS.492.5399N/abstract target=ref>Nielsen et al. 2020</a>,4.65382000000,0.00033000000,-0.00031000000,0,0.0518600000,0.0008600000,-0.0007700000,0,2.72600000,0.07500000,-0.07500000,0,0.24319743,0.00669105,-0.00669105,0,9.50000000,0.88000000,-0.88000000,0,0.02989019,0.00276878,-0.00276878,0,Mass,0.194000,0.041000,-0.036000,0,185.0000,9.0000,-9.0000,0,1037.00,11.00,-11.00,0,0,<a refstr=NIELSEN_ET_AL__2020 href=https://ui.adsabs.harvard.edu/abs/2020MNRAS.492.5399N/abstract target=ref>Nielsen et al. 2020</a>,K0 V,5320.00,39.00,-39.00,0,0.848000,0.011000,-0.011000,0,0.859000,0.044000,-0.038000,0,-0.0200,0.0300,-0.0300,0,[Fe/H],4.516000,0.024000,-0.024000,0,<a refstr=STASSUN_ET_AL__2019 href=https://ui.adsabs.harvard.edu/abs/2019AJ....158..138S/abstract target=ref>TICv8</a>,01h34m22.42s,23.5934253,-66d40m34.86s,-66.6763495,111.05900000,0.44400000,-0.44000000,11.0230000,0.0080000,-0.0080000,8.9950000,0.0210000,-0.0210000,10.7180000,0.0004110,-0.0004110,2020-02-06,2020-03,2020-02-13
TOI-125 c,TOI-125,1,1,3,Transit,2019,Transiting Exoplanet Survey Satellite (TESS),Published Confirmed,0,<a refstr=NIELSEN_ET_AL__2020 href=https://ui.adsabs.harvard.edu/abs/2020MNRAS.492.5399N/abstract target=ref>Nielsen et al. 2020</a>,9.15059000000,0.00070000000,-0.00082000000,0,0.0814000000,0.0013000000,-0.0013000000,0,2.75900000,0.10000000,-0.10000000,0,0.24614149,0.00892140,-0.00892140,0,6.63000000,0.99000000,-0.99000000,0,0.02086021,0.00311487,-0.00311487,0,Mass,0.066000,0.070000,-0.047000,0,77.5900,3.3100,-3.3100,0,827.80,8.60,-8.60,0,0,<a refstr=NIELSEN_ET_AL__2020 href=https://ui.adsabs.harvard.edu/abs/2020MNRAS.492.5399N/abstract target=ref>Nielsen et al. 2020</a>,K0 V,5320.00,39.00,-39.00,0,0.848000,0.011000,-0.011000,0,0.859000,0.044000,-0.038000,0,-0.0200,0.0300,-0.0300,0,[Fe/H],4.516000,0.024000,-0.024000,0,<a refstr=STASSUN_ET_AL__2019 href=https://ui.adsabs.harvard.edu/abs/2019AJ....158..138S/abstract target=ref>TICv8</a>,01h34m22.42s,23.5934253,-66d40m34.86s,-66.6763495,111.05900000,0.44400000,-0.44000000,11.0230000,0.0080000,-0.0080000,8.9950000,0.0210000,-0.0210000,10.7180000,0.0004110,-0.0004110,2020-02-06,2020-03,2020-02-13
TOI-125 c,TOI-125,0,1,3,Transit,2019,Transiting Exoplanet Survey Satellite (TESS),Published Confirmed,0,<a refstr=QUINN_ET_AL__2019 href=https://ui.adsabs.harvard.edu/abs/2019AJ....158..177Q/abstract target=ref>Quinn et al. 2019</a>,9.15067000000,0.00062000000,-0.00069000000,0,0.0818000000,0.0014000000,-0.0013000000,0,2.79000000,0.10000000,-0.10000000,0,0.24890713,0.00892140,-0.00892140,0,,,,,,,,,,0.065000,0.067000,-0.046000,0,75.3900,4.1100,-4.0400,0,821.00,11.00,-11.00,0,0,<a refstr=QUINN_ET_AL__2019 href=https://ui.adsabs.harvard.edu/abs/2019AJ....158..177Q/abstract target=ref>Quinn et al. 2019</a>,K0 V,5282.00,67.00,-75.00,0,0.852000,0.017000,-0.016000,0,0.871000,0.046000,-0.040000,0,0.0690,0.0830,-0.0810,0,[Fe/H],4.518000,0.027000,-0.027000,0,<a refstr=STASSUN_ET_AL__2019 href=https://ui.adsabs.harvard.edu/abs/2019AJ....158..138S/abstract target=ref>TICv8</a>,01h34m22.42s,23.5934253,-66d40m34.86s,-66.6763495,111.05900000,0.44400000,-0.44000000,11.0230000,0.0080000,-0.0080000,8.9950000,0.0210000,-0.0210000,10.7180000,0.0004110,-0.0004110,2020-02-06,2019-11,2019-11-07
TOI-125 c,TOI-125,0,1,3,Transit,2019,Transiting Exoplanet Survey Satellite (TESS),TESS Project Candidate,0,<a refstr=EXOFOP_TESS_TOI href=https://exofop.ipac.caltech.edu/tess/view_toi.php target=ref>ExoFOP-TESS TOI</a>,9.15494180000,0.00002490000,-0.00002490000,0,,,,,2.62011000,0.18337300,-0.18337300,0,0.23375096,0.01635947,-0.01635947,0,,,,,,,,,,,,,,42.2592,,,0,710.00,,,0,0,<a refstr=EXOFOP_TESS_TOI href=https://exofop.ipac.caltech.edu/tess/view_toi.php target=ref>ExoFOP-TESS TOI</a>,,5154.00,182.00,-182.00,0,0.850000,0.050000,-0.050000,0,,,,,,,,,,4.470720,0.285010,-0.285010,0,<a refstr=STASSUN_ET_AL__2019 href=https://ui.adsabs.harvard.edu/abs/2019AJ....158..138S/abstract target=ref>TICv8</a>,01h34m22.42s,23.5934253,-66d40m34.86s,-66.6763495,111.05900000,0.44400000,-0.44000000,11.0230000,0.0080000,-0.0080000,8.9950000,0.0210000,-0.0210000,10.7180000,0.0004110,-0.0004110,2024-10-14,2017-07,2024-10-14
TOI-125 c,TOI-125,0,1,3,Transit,2019,Transiting Exoplanet Survey Satellite (TESS),Published Confirmed,0,<a refstr=KOKORI_ET_AL__2023 href=https://ui.adsabs.harvard.edu/abs/2023ApJS..265....4K/abstract target=ref>Kokori et al. 2023</a>,9.15454500000,0.00004700000,-0.00004700000,0,,,,,,,,,,,,,,,,,,,,,,0.066000,0.070000,-0.047000,0,,,,,,,,,0,<a refstr=QUINN_ET_AL__2019 href=https://ui.adsabs.harvard.edu/abs/2019AJ....158..177Q/abstract target=ref>Quinn et al. 2019</a>,K0 V,5282.00,67.00,-75.00,0,0.852000,0.017000,-0.016000,0,0.871000,0.046000,-0.040000,0,0.0690,0.0830,-0.0810,0,[Fe/H],4.518000,0.027000,-0.027000,0,<a refstr=STASSUN_ET_AL__2019 href=https://ui.adsabs.harvard.edu/abs/2019AJ....158..138S/abstract target=ref>TICv8</a>,01h34m22.42s,23.5934253,-66d40m34.86s,-66.6763495,111.05900000,0.44400000,-0.44000000,11.0230000,0.0080000,-0.0080000,8.9950000,0.0210000,-0.0210000,10.7180000,0.0004110,-0.0004110,2024-03-04,2023-03,2024-03-04
TOI-150.01,TOI-150,1,1,1,Transit,2019,Transiting Exoplanet Survey Satellite (TESS),Published Confirmed,0,<a refstr=KOSSAKOWSKI_ET_AL__2019 href=https://ui.adsabs.harvard.edu/abs/2019MNRAS.490.1094K/abstract target=ref>Kossakowski et al. 2019</a>,5.85748700000,0.00008900000,-0.00009700000,0,0.0703700000,0.0008700000,-0.0008800000,0,14.06729500,0.23538900,-0.21297100,0,1.25500000,0.02100000,-0.01900000,0,797.75330000,38.13960000,-38.13960000,0,2.51000000,0.12000000,-0.12000000,0,Mass,0.262000,0.045000,-0.037000,0,,,,,1404.50,7.10,-6.50,0,0,<a refstr=KOSSAKOWSKI_ET_AL__2019 href=https://ui.adsabs.harvard.edu/abs/2019MNRAS.490.1094K/abstract target=ref>Kossakowski et al. 2019</a>,F,6255.00,90.00,-90.00,0,1.526000,0.012000,-0.012000,0,1.351000,0.038000,-0.026000,0,0.2800,0.0360,-0.0360,0,[Fe/H],4.130000,0.009000,-0.009000,0,<a refstr=STASSUN_ET_AL__2019 href=https://ui.adsabs.harvard.edu/abs/2019AJ....158..138S/abstract target=ref>TICv8</a>,07h31m51.70s,112.9654210,-73d36m21.73s,-73.6060358,336.26700000,1.92700000,-1.90500000,11.3900000,0.0150000,-0.0150000,9.9400000,0.0190000,-0.0190000,11.3408000,0.0003160,-0.0003160,2019-11-01,2019-11,2019-11-07
TOI-150.01,TOI-150,0,1,1,Transit,2019,Transiting Exoplanet Survey Satellite (TESS),Published Confirmed,0,<a refstr=CA_NTILDE_AS_ET_AL__2019 href=https://ui.adsabs.harvard.edu/abs/2019ApJ...877L..29C/abstract target=ref>Ca&ntilde;as et al. 2019</a>,5.85734200000,0.00006500000,-0.00006600000,0,0.0583000000,0.0013000000,-0.0018000000,0,15.46842000,0.44836000,-0.44836000,0,1.38000000,0.04000000,-0.04000000,0,556.20250000,44.49620000,-54.03110000,0,1.75000000,0.14000000,-0.17000000,0,Mass,0.000000,,,0,,,,,1493.00,29.00,-32.00,0,0,<a refstr=CA_NTILDE_AS_ET_AL__2019 href=https://ui.adsabs.harvard.edu/abs/2019ApJ...877L..29C/abstract target=ref>Ca&ntilde;as et al. 2019</a>,,6003.00,104.00,-98.00,0,1.551000,0.024000,-0.025000,0,1.249000,0.069000,-0.115000,0,0.2350,0.0830,-0.0840,0,[Fe/H],4.152000,0.030000,-0.043000,0,<a refstr=STASSUN_ET_AL__2019 href=https://ui.adsabs.harvard.edu/abs/2019AJ....158..138S/abstract target=ref>TICv8</a>,07h31m51.70s,112.9654210,-73d36m21.73s,-73.6060358,336.26700000,1.92700000,-1.90500000,11.3900000,0.0150000,-0.0150000,9.9400000,0.0190000,-0.0190000,11.3408000,0.0003160,-0.0003160,2019-11-01,2019-06,2019-06-13
TOI-150.01,TOI-150,0,1,1,Transit,2019,Transiting Exoplanet Survey Satellite (TESS),TESS Project Candidate,0,<a refstr=EXOFOP_TESS_TOI href=https://exofop.ipac.caltech.edu/tess/view_toi.php target=ref>ExoFOP-TESS TOI</a>,5.85740753760,0.00000309407,-0.00000309407,0,,,,,13.88927615,0.61632216,-0.61632216,0,1.23912036,0.05498467,-0.05498467,0,,,,,,,,,,,,,,750.9220,,,0,1335.11,,,0,0,<a refstr=EXOFOP_TESS_TOI href=https://exofop.ipac.caltech.edu/tess/view_toi.php target=ref>ExoFOP-TESS TOI</a>,,5982.90,108.80,-108.80,0,1.679870,0.074126,-0.074126,0,,,,,,,,,,4.030000,0.080000,-0.080000,0,<a refstr=STASSUN_ET_AL__2019 href=https://ui.adsabs.harvard.edu/abs/2019AJ....158..138S/abstract target=ref>TICv8</a>,07h31m51.70s,112.9654210,-73d36m21.73s,-73.6060358,336.26700000,1.92700000,-1.90500000,11.3900000,0.0150000,-0.0150000,9.9400000,0.0190000,-0.0190000,11.3408000,0.0003160,-0.0003160,2023-10-09,2017-07,2023-10-09
TOI-150.01,TOI-150,0,1,1,Transit,2019,Transiting Exoplanet Survey Satellite (TESS),Published Confirmed,0,<a refstr=KOKORI_ET_AL__2023 href=https://ui.adsabs.harvard.edu/abs/2023ApJS..265....4K/abstract target=ref>Kokori et al. 2023</a>,5.85742040000,0.00000330000,-0.00000330000,0,,,,,,,,,,,,,,,,,,,,,,,,,,,,,,,,,,0,<a refstr=CA_NTILDE_AS_ET_AL__2019 href=https://ui.adsabs.harvard.edu/abs/2019ApJ...877L..29C/abstract target=ref>Ca&ntilde;as et al. 2019</a>,,6003.00,104.00,-98.00,0,1.551000,0.024000,-0.025000,0,1.249000,0.069000,-0.115000,0,0.2350,0.0830,-0.0840,0,[Fe/H],4.152000,0.030000,-0.043000,0,<a refstr=STASSUN_ET_AL__2019 href=https://ui.adsabs.harvard.edu/abs/2019AJ....158..138S/abstract target=ref>TICv8</a>,07h31m51.70s,112.9654210,-73d36m21.73s,-73.6060358,336.26700000,1.92700000,-1.90500000,11.3900000,0.0150000,-0.0150000,9.9400000,0.0190000,-0.0190000,11.3408000,0.0003160,-0.0003160,2024-03-04,2023-03,2024-03-04
TOI-163 b,TOI-163,0,1,1,Transit,2019,Transiting Exoplanet Survey Satellite (TESS),TESS Project Candidate,0,<a refstr=EXOFOP_TESS_TOI href=https://exofop.ipac.caltech.edu/tess/view_toi.php target=ref>ExoFOP-TESS TOI</a>,4.23111726216,0.00000063453,-0.00000063453,0,,,,,14.62607111,0.68786657,-0.68786657,0,1.30485291,0.06136745,-0.06136745,0,,,,,,,,,,,,,,1489.1126,,,0,1584.35,,,0,0,<a refstr=EXOFOP_TESS_TOI href=https://exofop.ipac.caltech.edu/tess/view_toi.php target=ref>ExoFOP-TESS TOI</a>,,6671.00,130.60,-130.60,0,1.664020,0.078105,-0.078105,0,,,,,,,,,,4.140000,0.090000,-0.090000,0,<a refstr=STASSUN_ET_AL__2019 href=https://ui.adsabs.harvard.edu/abs/2019AJ....158..138S/abstract target=ref>TICv8</a>,05h19m04.38s,79.7682532,-71d53m43.90s,-71.8955269,411.71900000,8.16300000,-7.85700000,11.4670000,0.0140000,-0.0140000,10.1240000,0.0230000,-0.0230000,11.2193000,0.0005270,-0.0005270,2024-02-16,2017-07,2024-02-16
TOI-163 b,TOI-163,0,1,1,Transit,2019,Transiting Exoplanet Survey Satellite (TESS),Published Confirmed,0,<a refstr=KOKORI_ET_AL__2023 href=https://ui.adsabs.harvard.edu/abs/2023ApJS..265....4K/abstract target=ref>Kokori et al. 2023</a>,4.23111440000,0.00000150000,-0.00000150000,0,,,,,,,,,,,,,,,,,,,,,,,,,,,,,,,,,,0,<a refstr=KOSSAKOWSKI_ET_AL__2019 href=https://ui.adsabs.harvard.edu/abs/2019MNRAS.490.1094K/abstract target=ref>Kossakowski et al. 2019</a>,F,6495.00,90.00,-90.00,0,1.648000,0.023000,-0.025000,0,1.435200,0.029000,-0.028000,0,0.2200,0.0410,-0.0410,0,[Fe/H],4.187000,0.011000,-0.011000,0,<a refstr=STASSUN_ET_AL__2019 href=https://ui.adsabs.harvard.edu/abs/2019AJ....158..138S/abstract target=ref>TICv8</a>,05h19m04.38s,79.7682532,-71d53m43.90s,-71.8955269,411.71900000,8.16300000,-7.85700000,11.4670000,0.0140000,-0.0140000,10.1240000,0.0230000,-0.0230000,11.2193000,0.0005270,-0.0005270,2024-03-04,2023-03,2024-03-04
TOI-163 b,TOI-163,1,1,1,Transit,2019,Transiting Exoplanet Survey Satellite (TESS),Published Confirmed,0,<a refstr=KOSSAKOWSKI_ET_AL__2019 href=https://ui.adsabs.harvard.edu/abs/2019MNRAS.490.1094K/abstract target=ref>Kossakowski et al. 2019</a>,4.23130600000,0.00006300000,-0.00005700000,0,0.0580000000,0.0014000000,-0.0014000000,0,16.69020100,0.38110600,-0.38110600,0,1.48900000,0.03400000,-0.03400000,0,387.75260000,38.13960000,-38.13960000,0,1.22000000,0.12000000,-0.12000000,0,Mass,0.000000,,,0,,,,,1669.00,16.00,-14.00,0,0,<a refstr=KOSSAKOWSKI_ET_AL__2019 href=https://ui.adsabs.harvard.edu/abs/2019MNRAS.490.1094K/abstract target=ref>Kossakowski et al. 2019</a>,F,6495.00,90.00,-90.00,0,1.648000,0.023000,-0.025000,0,1.435200,0.029000,-0.028000,0,0.2200,0.0410,-0.0410,0,[Fe/H],4.187000,0.011000,-0.011000,0,<a refstr=STASSUN_ET_AL__2019 href=https://ui.adsabs.harvard.edu/abs/2019AJ....158..138S/abstract target=ref>TICv8</a>,05h19m04.38s,79.7682532,-71d53m43.90s,-71.8955269,411.71900000,8.16300000,-7.85700000,11.4670000,0.0140000,-0.0140000,10.1240000,0.0230000,-0.0230000,11.2193000,0.0005270,-0.0005270,2019-11-01,2019-11,2019-11-07
TOI-172 b,TOI-172,1,1,1,Transit,2019,Transiting Exoplanet Survey Satellite (TESS),Published Confirmed,0,<a refstr=RODRIGUEZ_ET_AL__2019 href=https://ui.adsabs.harvard.edu/abs/2019AJ....157..191R/abstract target=ref>Rodriguez et al. 2019</a>,9.47725000000,0.00064000000,-0.00079000000,0,0.0914000000,0.0017000000,-0.0017000000,0,10.81668500,0.35868800,-0.32506100,0,0.96500000,0.03200000,-0.02900000,0,1722.63860000,69.92260000,-63.56600000,0,5.42000000,0.22000000,-0.20000000,0,Mass,0.380600,0.009300,-0.009000,0,299.0000,19.0000,-16.0000,0,1198.00,18.00,-17.00,0,0,<a refstr=RODRIGUEZ_ET_AL__2019 href=https://ui.adsabs.harvard.edu/abs/2019AJ....157..191R/abstract target=ref>Rodriguez et al. 2019</a>,,5645.00,50.00,-50.00,0,1.777000,0.047000,-0.044000,0,1.128000,0.065000,-0.061000,0,0.1480,0.0790,-0.0800,0,[Fe/H],3.993000,0.027000,-0.028000,0,<a refstr=STASSUN_ET_AL__2019 href=https://ui.adsabs.harvard.edu/abs/2019AJ....158..138S/abstract target=ref>TICv8</a>,21h06m31.65s,316.6318791,-26d41m34.32s,-26.6928654,342.83100000,7.37100000,-7.07100000,11.2990000,0.0200000,-0.0200000,9.7220000,0.0210000,-0.0210000,11.1927000,0.0006230,-0.0006230,2019-03-29,2019-05,2019-03-28
TOI-172 b,TOI-172,0,1,1,Transit,2019,Transiting Exoplanet Survey Satellite (TESS),TESS Project Candidate,0,<a refstr=EXOFOP_TESS_TOI href=https://exofop.ipac.caltech.edu/tess/view_toi.php target=ref>ExoFOP-TESS TOI</a>,9.47686000000,0.00004000000,-0.00004000000,0,,,,,9.80856000,0.54867000,-0.54867000,0,0.87506262,0.04894914,-0.04894914,0,,,,,,,,,,,,,,161.9690,,,0,993.00,,,0,0,<a refstr=EXOFOP_TESS_TOI href=https://exofop.ipac.caltech.edu/tess/view_toi.php target=ref>ExoFOP-TESS TOI</a>,,5801.80,235.60,-235.60,0,1.790000,0.090000,-0.090000,0,,,,,,,,,,4.320000,2.000000,-2.000000,0,<a refstr=STASSUN_ET_AL__2019 href=https://ui.adsabs.harvard.edu/abs/2019AJ....158..138S/abstract target=ref>TICv8</a>,21h06m31.65s,316.6318791,-26d41m34.32s,-26.6928654,342.83100000,7.37100000,-7.07100000,11.2990000,0.0200000,-0.0200000,9.7220000,0.0210000,-0.0210000,11.1927000,0.0006230,-0.0006230,2022-11-01,2017-07,2022-11-01
TOI-172 b,TOI-172,0,1,1,Transit,2019,Transiting Exoplanet Survey Satellite (TESS),Published Confirmed,0,<a refstr=KOKORI_ET_AL__2023 href=https://ui.adsabs.harvard.edu/abs/2023ApJS..265....4K/abstract target=ref>Kokori et al. 2023</a>,9.47693600000,0.00002600000,-0.00002600000,0,,,,,,,,,,,,,,,,,,,,,,0.380600,0.009300,-0.009000,0,,,,,,,,,0,<a refstr=RODRIGUEZ_ET_AL__2019 href=https://ui.adsabs.harvard.edu/abs/2019AJ....157..191R/abstract target=ref>Rodriguez et al. 2019</a>,,5645.00,50.00,-50.00,0,1.777000,0.047000,-0.044000,0,1.128000,0.065000,-0.061000,0,0.1480,0.0790,-0.0800,0,[Fe/H],3.993000,0.027000,-0.028000,0,<a refstr=STASSUN_ET_AL__2019 href=https://ui.adsabs.harvard.edu/abs/2019AJ....158..138S/abstract target=ref>TICv8</a>,21h06m31.65s,316.6318791,-26d41m34.32s,-26.6928654,342.83100000,7.37100000,-7.07100000,11.2990000,0.0200000,-0.0200000,9.7220000,0.0210000,-0.0210000,11.1927000,0.0006230,-0.0006230,2024-03-04,2023-03,2024-03-04
TOI-216.01,TOI-216,0,1,2,Transit,2019,Transiting Exoplanet Survey Satellite (TESS),Published Confirmed,0,<a refstr=KIPPING_ET_AL__2019 href=https://ui.adsabs.harvard.edu/abs/2019MNRAS.486.4980K/abstract target=ref>Kipping et al. 2019</a>,34.55600000000,0.01400000000,-0.01000000000,0,0.2069000000,0.0107000000,-0.0082000000,0,11.29000000,0.58000000,-0.42000000,0,1.00722634,0.05174413,-0.03746989,0,200.00000000,170.00000000,-100.00000000,0,0.62926722,0.53487714,-0.31463361,0,Mass,0.029000,0.037000,-0.020000,0,10.1000,0.8500,-0.6600,0,497.00,10.00,-8.00,0,1,<a refstr=KIPPING_ET_AL__2019 href=https://ui.adsabs.harvard.edu/abs/2019MNRAS.486.4980K/abstract target=ref>Kipping et al. 2019</a>,,5026.00,125.00,-125.00,0,0.838000,0.043000,-0.030000,0,0.874000,0.035000,-0.034000,0,0.3200,0.1000,-0.1000,0,[M/H],4.660000,0.200000,-0.200000,0,<a refstr=STASSUN_ET_AL__2019 href=https://ui.adsabs.harvard.edu/abs/2019AJ....158..138S/abstract target=ref>TICv8</a>,04h55m55.20s,73.9800129,-63d15m37.19s,-63.2603301,177.94500000,0.88300000,-0.87500000,12.3240000,0.0690000,-0.0690000,10.2180000,0.0210000,-0.0210000,12.1631000,0.0005830,-0.0005830,2019-05-07,2019-07,2019-05-09
TOI-216.01,TOI-216,0,1,2,Transit,2019,Transiting Exoplanet Survey Satellite (TESS),TESS Project Candidate,0,<a refstr=EXOFOP_TESS_TOI href=https://exofop.ipac.caltech.edu/tess/view_toi.php target=ref>ExoFOP-TESS TOI</a>,34.50593183130,0.00000923839,-0.00000923839,0,,,,,10.46251622,0.68559420,-0.68559420,0,0.93340478,0.06116472,-0.06116472,0,,,,,,,,,,,,,,9.5815,,,0,448.72,,,0,1,<a refstr=EXOFOP_TESS_TOI href=https://exofop.ipac.caltech.edu/tess/view_toi.php target=ref>ExoFOP-TESS TOI</a>,,5025.77,125.00,-125.00,0,0.801736,0.052186,-0.052186,0,,,,,,,,,,4.663480,0.200000,-0.200000,0,<a refstr=STASSUN_ET_AL__2019 href=https://ui.adsabs.harvard.edu/abs/2019AJ....158..138S/abstract target=ref>TICv8</a>,04h55m55.20s,73.9800129,-63d15m37.19s,-63.2603301,177.94500000,0.88300000,-0.87500000,12.3240000,0.0690000,-0.0690000,10.2180000,0.0210000,-0.0210000,12.1631000,0.0005830,-0.0005830,2024-09-16,2017-07,2024-09-16
TOI-216.01,TOI-216,1,1,2,Transit,2019,Transiting Exoplanet Survey Satellite (TESS),Published Confirmed,0,<a refstr=DAWSON_ET_AL__2021 href=https://ui.adsabs.harvard.edu/abs/2021AJ....161..161D/abstract target=ref>Dawson et al. 2021</a>,34.52552800000,,,0,,,,,10.10000000,0.20000000,-0.20000000,0,0.90106320,0.01784284,-0.01784284,0,177.98390792,6.35656814,-6.35656814,0,0.56000000,0.02000000,-0.02000000,0,Mass,0.004600,0.002700,-0.001200,0,,,,,,,,,1,<a refstr=DAWSON_ET_AL__2021 href=https://ui.adsabs.harvard.edu/abs/2021AJ....161..161D/abstract target=ref>Dawson et al. 2021</a>,,,,,,0.748000,0.015000,-0.015000,0,0.770000,0.030000,-0.030000,0,,,,,,,,,,<a refstr=STASSUN_ET_AL__2019 href=https://ui.adsabs.harvard.edu/abs/2019AJ....158..138S/abstract target=ref>TICv8</a>,04h55m55.20s,73.9800129,-63d15m37.19s,-63.2603301,177.94500000,0.88300000,-0.87500000,12.3240000,0.0690000,-0.0690000,10.2180000,0.0210000,-0.0210000,12.1631000,0.0005830,-0.0005830,2022-04-12,2021-04,2022-04-12
TOI-216.01,TOI-216,0,1,2,Transit,2019,Transiting Exoplanet Survey Satellite (TESS),Published Confirmed,0,<a refstr=KOKORI_ET_AL__2023 href=https://ui.adsabs.harvard.edu/abs/2023ApJS..265....4K/abstract target=ref>Kokori et al. 2023</a>,34.50730000000,0.00420000000,-0.00420000000,0,,,,,,,,,,,,,,,,,,,,,,,,,,,,,,,,,,1,<a refstr=KIPPING_ET_AL__2019 href=https://ui.adsabs.harvard.edu/abs/2019MNRAS.486.4980K/abstract target=ref>Kipping et al. 2019</a>,,5026.00,125.00,-125.00,0,0.838000,0.043000,-0.030000,0,0.874000,0.035000,-0.034000,0,0.3200,0.1000,-0.1000,0,[M/H],4.660000,0.200000,-0.200000,0,<a refstr=STASSUN_ET_AL__2019 href=https://ui.adsabs.harvard.edu/abs/2019AJ....158..138S/abstract target=ref>TICv8</a>,04h55m55.20s,73.9800129,-63d15m37.19s,-63.2603301,177.94500000,0.88300000,-0.87500000,12.3240000,0.0690000,-0.0690000,10.2180000,0.0210000,-0.0210000,12.1631000,0.0005830,-0.0005830,2024-03-04,2023-03,2024-03-04
TOI-216.02,TOI-216,1,1,2,Transit,2019,Transiting Exoplanet Survey Satellite (TESS),Published Confirmed,0,<a refstr=DAWSON_ET_AL__2021 href=https://ui.adsabs.harvard.edu/abs/2021AJ....161..161D/abstract target=ref>Dawson et al. 2021</a>,17.16073000000,,,0,,,,,8.00000000,3.00000000,-2.00000000,0,0.71371342,0.26764253,-0.17842836,0,18.75187601,0.63565681,-0.63565681,0,0.05900000,0.00200000,-0.00200000,0,Mass,0.160000,0.003000,-0.002000,0,,,,,,,,,1,<a refstr=DAWSON_ET_AL__2021 href=https://ui.adsabs.harvard.edu/abs/2021AJ....161..161D/abstract target=ref>Dawson et al. 2021</a>,,,,,,0.748000,0.015000,-0.015000,0,0.770000,0.030000,-0.030000,0,,,,,,,,,,<a refstr=STASSUN_ET_AL__2019 href=https://ui.adsabs.harvard.edu/abs/2019AJ....158..138S/abstract target=ref>TICv8</a>,04h55m55.20s,73.9800129,-63d15m37.19s,-63.2603301,177.94500000,0.88300000,-0.87500000,12.3240000,0.0690000,-0.0690000,10.2180000,0.0210000,-0.0210000,12.1631000,0.0005830,-0.0005830,2022-04-12,2021-04,2022-04-12
TOI-216.02,TOI-216,0,1,2,Transit,2019,Transiting Exoplanet Survey Satellite (TESS),Published Confirmed,0,<a refstr=KOKORI_ET_AL__2023 href=https://ui.adsabs.harvard.edu/abs/2023ApJS..265....4K/abstract target=ref>Kokori et al. 2023</a>,17.20300000000,0.01300000000,-0.01300000000,0,,,,,,,,,,,,,,,,,,,,,,,,,,,,,,,,,,1,<a refstr=KIPPING_ET_AL__2019 href=https://ui.adsabs.harvard.edu/abs/2019MNRAS.486.4980K/abstract target=ref>Kipping et al. 2019</a>,,5026.00,125.00,-125.00,0,0.838000,0.043000,-0.030000,0,0.874000,0.035000,-0.034000,0,0.3200,0.1000,-0.1000,0,[M/H],4.660000,0.200000,-0.200000,0,<a refstr=STASSUN_ET_AL__2019 href=https://ui.adsabs.harvard.edu/abs/2019AJ....158..138S/abstract target=ref>TICv8</a>,04h55m55.20s,73.9800129,-63d15m37.19s,-63.2603301,177.94500000,0.88300000,-0.87500000,12.3240000,0.0690000,-0.0690000,10.2180000,0.0210000,-0.0210000,12.1631000,0.0005830,-0.0005830,2024-03-04,2023-03,2024-03-04
TOI-216.02,TOI-216,0,1,2,Transit,2019,Transiting Exoplanet Survey Satellite (TESS),Published Confirmed,0,<a refstr=KIPPING_ET_AL__2019 href=https://ui.adsabs.harvard.edu/abs/2019MNRAS.486.4980K/abstract target=ref>Kipping et al. 2019</a>,17.08900000000,0.01100000000,-0.01500000000,0,0.1293000000,0.0067000000,-0.0051000000,0,7.69000000,1.62000000,-0.83000000,0,0.68605585,0.14452672,-0.07404764,0,30.00000000,20.00000000,-14.00000000,0,0.09439008,0.06292672,-0.04404871,0,Mass,0.132000,0.059000,-0.023000,0,25.9000,2.2000,-1.7000,0,628.00,13.00,-11.00,0,1,<a refstr=KIPPING_ET_AL__2019 href=https://ui.adsabs.harvard.edu/abs/2019MNRAS.486.4980K/abstract target=ref>Kipping et al. 2019</a>,,5026.00,125.00,-125.00,0,0.838000,0.043000,-0.030000,0,0.874000,0.035000,-0.034000,0,0.3200,0.1000,-0.1000,0,[M/H],4.660000,0.200000,-0.200000,0,<a refstr=STASSUN_ET_AL__2019 href=https://ui.adsabs.harvard.edu/abs/2019AJ....158..138S/abstract target=ref>TICv8</a>,04h55m55.20s,73.9800129,-63d15m37.19s,-63.2603301,177.94500000,0.88300000,-0.87500000,12.3240000,0.0690000,-0.0690000,10.2180000,0.0210000,-0.0210000,12.1631000,0.0005830,-0.0005830,2019-05-07,2019-07,2019-05-09
TOI-216.02,TOI-216,0,1,2,Transit,2019,Transiting Exoplanet Survey Satellite (TESS),TESS Project Candidate,0,<a refstr=EXOFOP_TESS_TOI href=https://exofop.ipac.caltech.edu/tess/view_toi.php target=ref>ExoFOP-TESS TOI</a>,17.38904538708,0.00004794844,-0.00004794844,0,,,,,6.48401246,3.00927020,-3.00927020,0,0.57846584,0.26846957,-0.26846957,0,,,,,,,,,,,,,,23.8922,,,0,563.88,,,0,1,<a refstr=EXOFOP_TESS_TOI href=https://exofop.ipac.caltech.edu/tess/view_toi.php target=ref>ExoFOP-TESS TOI</a>,,5025.77,125.00,-125.00,0,0.801736,0.052186,-0.052186,0,,,,,,,,,,4.663480,0.200000,-0.200000,0,<a refstr=STASSUN_ET_AL__2019 href=https://ui.adsabs.harvard.edu/abs/2019AJ....158..138S/abstract target=ref>TICv8</a>,04h55m55.20s,73.9800129,-63d15m37.19s,-63.2603301,177.94500000,0.88300000,-0.87500000,12.3240000,0.0690000,-0.0690000,10.2180000,0.0210000,-0.0210000,12.1631000,0.0005830,-0.0005830,2023-12-04,2017-07,2023-12-04
TOI-270 b,TOI-270,0,1,3,Transit,2019,Transiting Exoplanet Survey Satellite (TESS),Published Confirmed,0,<a refstr=VAN_EYLEN_ET_AL__2021 href=https://ui.adsabs.harvard.edu/abs/2021MNRAS.507.2154V/abstract target=ref>Van Eylen et al. 2021</a>,3.36015380000,0.00000480000,-0.00000480000,0,0.0319700000,0.0002200000,-0.0002200000,0,1.20600000,0.03900000,-0.03900000,0,0.10759230,0.00347935,-0.00347935,0,1.58000000,0.26000000,-0.26000000,0,0.00497124,0.00081805,-0.00081805,0,Mass,0.034000,0.025000,-0.025000,0,,,,,581.00,14.00,-14.00,0,0,<a refstr=VAN_EYLEN_ET_AL__2021 href=https://ui.adsabs.harvard.edu/abs/2021MNRAS.507.2154V/abstract target=ref>Van Eylen et al. 2021</a>,M,3506.00,70.00,-70.00,0,0.378000,0.011000,-0.011000,0,0.386000,0.008000,-0.008000,0,-0.2000,0.1200,-0.1200,0,[Fe/H],4.872000,0.026000,-0.026000,0,<a refstr=STASSUN_ET_AL__2019 href=https://ui.adsabs.harvard.edu/abs/2019AJ....158..138S/abstract target=ref>TICv8</a>,04h33m39.86s,68.4160804,-51d57m26.62s,-51.9573937,22.47930000,0.01355000,-0.01355000,12.6030000,0.0390000,-0.0390000,8.2510000,0.0290000,-0.0290000,11.6306000,0.0004760,-0.0004760,2021-08-03,2021-10,2021-08-03
TOI-270 b,TOI-270,0,1,3,Transit,2019,Transiting Exoplanet Survey Satellite (TESS),Published Confirmed,0,<a refstr=KOKORI_ET_AL__2023 href=https://ui.adsabs.harvard.edu/abs/2023ApJS..265....4K/abstract target=ref>Kokori et al. 2023</a>,3.36015600000,0.00001200000,-0.00001200000,0,,,,,,,,,,,,,,,,,,,,,,,,,,,,,,,,,,0,<a refstr=G_UUML_NTHER_ET_AL__2019 href=https://ui.adsabs.harvard.edu/abs/2019NatAs...3.1099G/abstract target=ref>G&uuml;nther et al. 2019</a>,M3.0 V,3386.00,137.00,-131.00,0,0.380000,0.020000,-0.020000,0,0.400000,0.020000,-0.020000,0,-0.1700,0.1000,-0.1000,0,[Fe/H],,,,,<a refstr=STASSUN_ET_AL__2019 href=https://ui.adsabs.harvard.edu/abs/2019AJ....158..138S/abstract target=ref>TICv8</a>,04h33m39.86s,68.4160804,-51d57m26.62s,-51.9573937,22.47930000,0.01355000,-0.01355000,12.6030000,0.0390000,-0.0390000,8.2510000,0.0290000,-0.0290000,11.6306000,0.0004760,-0.0004760,2024-03-04,2023-03,2024-03-04
TOI-270 b,TOI-270,0,1,3,Transit,2019,Transiting Exoplanet Survey Satellite (TESS),Published Confirmed,0,<a refstr=COULOMBE_ET_AL__2025 href=https://ui.adsabs.harvard.edu/abs/2025AJ....170..226C/abstract target=ref>Coulombe et al. 2025</a>,,,,,0.0336200000,0.0009900000,-0.0012800000,0,1.30600000,0.02800000,-0.02800000,0,0.11651372,0.00249800,-0.00249800,0,1.48000000,0.18000000,-0.18000000,0,0.00465660,0.00056634,-0.00056634,0,Mass,,,,,,,,,569.00,14.00,-13.00,0,0,<a refstr=COULOMBE_ET_AL__2025 href=https://ui.adsabs.harvard.edu/abs/2025AJ....170..226C/abstract target=ref>Coulombe et al. 2025</a>,,3506.00,70.00,-70.00,0,0.380000,0.008000,-0.008000,0,,,,,,,,,,,,,,<a refstr=STASSUN_ET_AL__2019 href=https://ui.adsabs.harvard.edu/abs/2019AJ....158..138S/abstract target=ref>TICv8</a>,04h33m39.86s,68.4160804,-51d57m26.62s,-51.9573937,22.47930000,0.01355000,-0.01355000,12.6030000,0.0390000,-0.0390000,8.2510000,0.0290000,-0.0290000,11.6306000,0.0004760,-0.0004760,2025-10-09,2025-10,2025-10-09
TOI-270 b,TOI-270,1,1,3,Transit,2019,Transiting Exoplanet Survey Satellite (TESS),Published Confirmed,0,<a refstr=KAYE_ET_AL__2022 href=https://ui.adsabs.harvard.edu/abs/2022MNRAS.510.5464K/abstract target=ref>Kaye et al. 2022</a>,3.35992000000,0.00005000000,-0.00005000000,0,,,,,1.28000000,0.05000000,-0.04000000,0,0.11419415,0.00446071,-0.00356857,0,1.48000000,0.18000000,-0.18000000,0,0.00465660,0.00056634,-0.00056634,0,Mass,0.016700,0.008400,-0.008900,0,,,,,600.00,16.00,-16.00,0,0,<a refstr=KAYE_ET_AL__2022 href=https://ui.adsabs.harvard.edu/abs/2022MNRAS.510.5464K/abstract target=ref>Kaye et al. 2022</a>,,3506.00,70.00,-70.00,0,0.380000,0.008000,-0.008000,0,0.386000,0.008000,-0.008000,0,,,,,,4.872000,0.026000,-0.026000,0,<a refstr=STASSUN_ET_AL__2019 href=https://ui.adsabs.harvard.edu/abs/2019AJ....158..138S/abstract target=ref>TICv8</a>,04h33m39.86s,68.4160804,-51d57m26.62s,-51.9573937,22.47930000,0.01355000,-0.01355000,12.6030000,0.0390000,-0.0390000,8.2510000,0.0290000,-0.0290000,11.6306000,0.0004760,-0.0004760,2025-10-09,2022-03,2025-10-09
TOI-270 b,TOI-270,0,1,3,Transit,2019,Transiting Exoplanet Survey Satellite (TESS),Published Confirmed,0,<a refstr=G_UUML_NTHER_ET_AL__2019 href=https://ui.adsabs.harvard.edu/abs/2019NatAs...3.1099G/abstract target=ref>G&uuml;nther et al. 2019</a>,3.36008000000,0.00006500000,-0.00007000000,0,0.0306000000,0.0033000000,-0.0057000000,0,1.24700000,0.08900000,-0.08300000,0,0.11124989,0.00794005,-0.00740476,0,,,,,,,,,,0.000000,,,0,,,,,528.00,56.00,-32.00,0,0,<a refstr=G_UUML_NTHER_ET_AL__2019 href=https://ui.adsabs.harvard.edu/abs/2019NatAs...3.1099G/abstract target=ref>G&uuml;nther et al. 2019</a>,M3.0 V,3386.00,137.00,-131.00,0,0.380000,0.020000,-0.020000,0,0.400000,0.020000,-0.020000,0,-0.1700,0.1000,-0.1000,0,[Fe/H],,,,,<a refstr=STASSUN_ET_AL__2019 href=https://ui.adsabs.harvard.edu/abs/2019AJ....158..138S/abstract target=ref>TICv8</a>,04h33m39.86s,68.4160804,-51d57m26.62s,-51.9573937,22.47930000,0.01355000,-0.01355000,12.6030000,0.0390000,-0.0390000,8.2510000,0.0290000,-0.0290000,11.6306000,0.0004760,-0.0004760,2019-07-29,2019-07,2019-08-01
TOI-270 b,TOI-270,0,1,3,Transit,2019,Transiting Exoplanet Survey Satellite (TESS),TESS Project Candidate,0,<a refstr=EXOFOP_TESS_TOI href=https://exofop.ipac.caltech.edu/tess/view_toi.php target=ref>ExoFOP-TESS TOI</a>,3.36013770678,0.00000860668,-0.00000860668,0,,,,,1.18437183,0.73766700,-0.73766700,0,0.10566276,0.06581036,-0.06581036,0,,,,,,,,,,,,,,19.9261,,,0,538.86,,,0,0,<a refstr=EXOFOP_TESS_TOI href=https://exofop.ipac.caltech.edu/tess/view_toi.php target=ref>ExoFOP-TESS TOI</a>,,3551.00,74.00,-74.00,0,0.374358,0.011496,-0.011496,0,,,,,,,,,,4.839820,0.382963,-0.382963,0,<a refstr=STASSUN_ET_AL__2019 href=https://ui.adsabs.harvard.edu/abs/2019AJ....158..138S/abstract target=ref>TICv8</a>,04h33m39.86s,68.4160804,-51d57m26.62s,-51.9573937,22.47930000,0.01355000,-0.01355000,12.6030000,0.0390000,-0.0390000,8.2510000,0.0290000,-0.0290000,11.6306000,0.0004760,-0.0004760,2022-08-08,2017-07,2022-08-08
TOI-270 c,TOI-270,1,1,3,Transit,2019,Transiting Exoplanet Survey Satellite (TESS),Published Confirmed,0,<a refstr=KAYE_ET_AL__2022 href=https://ui.adsabs.harvard.edu/abs/2022MNRAS.510.5464K/abstract target=ref>Kaye et al. 2022</a>,5.66051000000,0.00004000000,-0.00004000000,0,,,,,2.33000000,0.01000000,-0.01000000,0,0.20786903,0.00089214,-0.00089214,0,6.20000000,0.31000000,-0.31000000,0,0.01950738,0.00097537,-0.00097537,0,Mass,0.004400,0.000500,-0.000600,0,,,,,489.00,11.00,-11.00,0,1,<a refstr=KAYE_ET_AL__2022 href=https://ui.adsabs.harvard.edu/abs/2022MNRAS.510.5464K/abstract target=ref>Kaye et al. 2022</a>,,3506.00,70.00,-70.00,0,0.380000,0.008000,-0.008000,0,0.386000,0.008000,-0.008000,0,,,,,,4.872000,0.026000,-0.026000,0,<a refstr=STASSUN_ET_AL__2019 href=https://ui.adsabs.harvard.edu/abs/2019AJ....158..138S/abstract target=ref>TICv8</a>,04h33m39.86s,68.4160804,-51d57m26.62s,-51.9573937,22.47930000,0.01355000,-0.01355000,12.6030000,0.0390000,-0.0390000,8.2510000,0.0290000,-0.0290000,11.6306000,0.0004760,-0.0004760,2025-10-09,2022-03,2025-10-09
TOI-270 c,TOI-270,0,1,3,Transit,2019,Transiting Exoplanet Survey Satellite (TESS),Published Confirmed,0,<a refstr=KOKORI_ET_AL__2023 href=https://ui.adsabs.harvard.edu/abs/2023ApJS..265....4K/abstract target=ref>Kokori et al. 2023</a>,5.66057460000,0.00000460000,-0.00000460000,0,,,,,,,,,,,,,,,,,,,,,,,,,,,,,,,,,,1,<a refstr=G_UUML_NTHER_ET_AL__2019 href=https://ui.adsabs.harvard.edu/abs/2019NatAs...3.1099G/abstract target=ref>G&uuml;nther et al. 2019</a>,M3.0 V,3386.00,137.00,-131.00,0,0.380000,0.020000,-0.020000,0,0.400000,0.020000,-0.020000,0,-0.1700,0.1000,-0.1000,0,[Fe/H],,,,,<a refstr=STASSUN_ET_AL__2019 href=https://ui.adsabs.harvard.edu/abs/2019AJ....158..138S/abstract target=ref>TICv8</a>,04h33m39.86s,68.4160804,-51d57m26.62s,-51.9573937,22.47930000,0.01355000,-0.01355000,12.6030000,0.0390000,-0.0390000,8.2510000,0.0290000,-0.0290000,11.6306000,0.0004760,-0.0004760,2024-03-04,2023-03,2024-03-04
TOI-270 c,TOI-270,0,1,3,Transit,2019,Transiting Exoplanet Survey Satellite (TESS),Published Confirmed,0,<a refstr=VAN_EYLEN_ET_AL__2021 href=https://ui.adsabs.harvard.edu/abs/2021MNRAS.507.2154V/abstract target=ref>Van Eylen et al. 2021</a>,5.66057310000,0.00000310000,-0.00000310000,0,0.0452600000,0.0003100000,-0.0003100000,0,2.35500000,0.06400000,-0.06400000,0,0.21009939,0.00570971,-0.00570971,0,6.15000000,0.37000000,-0.37000000,0,0.01935006,0.00116415,-0.00116415,0,Mass,0.027000,0.021000,-0.021000,0,,,,,488.00,12.00,-12.00,0,1,<a refstr=VAN_EYLEN_ET_AL__2021 href=https://ui.adsabs.harvard.edu/abs/2021MNRAS.507.2154V/abstract target=ref>Van Eylen et al. 2021</a>,M,3506.00,70.00,-70.00,0,0.378000,0.011000,-0.011000,0,0.386000,0.008000,-0.008000,0,-0.2000,0.1200,-0.1200,0,[Fe/H],4.872000,0.026000,-0.026000,0,<a refstr=STASSUN_ET_AL__2019 href=https://ui.adsabs.harvard.edu/abs/2019AJ....158..138S/abstract target=ref>TICv8</a>,04h33m39.86s,68.4160804,-51d57m26.62s,-51.9573937,22.47930000,0.01355000,-0.01355000,12.6030000,0.0390000,-0.0390000,8.2510000,0.0290000,-0.0290000,11.6306000,0.0004760,-0.0004760,2021-08-03,2021-10,2021-08-03
TOI-270 c,TOI-270,0,1,3,Transit,2019,Transiting Exoplanet Survey Satellite (TESS),Published Confirmed,0,<a refstr=G_UUML_NTHER_ET_AL__2019 href=https://ui.adsabs.harvard.edu/abs/2019NatAs...3.1099G/abstract target=ref>G&uuml;nther et al. 2019</a>,5.66017200000,0.00003500000,-0.00003500000,0,0.0472000000,0.0030000000,-0.0033000000,0,2.42000000,0.13000000,-0.13000000,0,0.21589794,0.01159782,-0.01159782,0,,,,,,,,,,0.000000,,,0,,,,,424.00,20.00,-19.00,0,1,<a refstr=G_UUML_NTHER_ET_AL__2019 href=https://ui.adsabs.harvard.edu/abs/2019NatAs...3.1099G/abstract target=ref>G&uuml;nther et al. 2019</a>,M3.0 V,3386.00,137.00,-131.00,0,0.380000,0.020000,-0.020000,0,0.400000,0.020000,-0.020000,0,-0.1700,0.1000,-0.1000,0,[Fe/H],,,,,<a refstr=STASSUN_ET_AL__2019 href=https://ui.adsabs.harvard.edu/abs/2019AJ....158..138S/abstract target=ref>TICv8</a>,04h33m39.86s,68.4160804,-51d57m26.62s,-51.9573937,22.47930000,0.01355000,-0.01355000,12.6030000,0.0390000,-0.0390000,8.2510000,0.0290000,-0.0290000,11.6306000,0.0004760,-0.0004760,2019-07-29,2019-07,2019-08-01
TOI-270 c,TOI-270,0,1,3,Transit,2019,Transiting Exoplanet Survey Satellite (TESS),TESS Project Candidate,0,<a refstr=EXOFOP_TESS_TOI href=https://exofop.ipac.caltech.edu/tess/view_toi.php target=ref>ExoFOP-TESS TOI</a>,5.66056931603,0.00000385838,-0.00000385838,0,,,,,2.40708723,0.11973171,-0.11973171,0,0.21474631,0.01068177,-0.01068177,0,,,,,,,,,,,,,,9.9407,,,0,452.87,,,0,1,<a refstr=EXOFOP_TESS_TOI href=https://exofop.ipac.caltech.edu/tess/view_toi.php target=ref>ExoFOP-TESS TOI</a>,,3551.00,74.00,-74.00,0,0.374358,0.011496,-0.011496,0,,,,,,,,,,4.839820,0.382963,-0.382963,0,<a refstr=STASSUN_ET_AL__2019 href=https://ui.adsabs.harvard.edu/abs/2019AJ....158..138S/abstract target=ref>TICv8</a>,04h33m39.86s,68.4160804,-51d57m26.62s,-51.9573937,22.47930000,0.01355000,-0.01355000,12.6030000,0.0390000,-0.0390000,8.2510000,0.0290000,-0.0290000,11.6306000,0.0004760,-0.0004760,2024-09-16,2017-07,2024-09-16
TOI-270 d,TOI-270,0,1,3,Transit,2019,Transiting Exoplanet Survey Satellite (TESS),Published Confirmed,0,<a refstr=G_UUML_NTHER_ET_AL__2019 href=https://ui.adsabs.harvard.edu/abs/2019NatAs...3.1099G/abstract target=ref>G&uuml;nther et al. 2019</a>,11.38014000000,0.00011000000,-0.00010000000,0,0.0733000000,0.0042000000,-0.0042000000,0,2.13000000,0.12000000,-0.12000000,0,0.19002587,0.01070568,-0.01070568,0,,,,,,,,,,0.000000,,,0,,,,,340.00,14.00,-14.00,0,1,<a refstr=G_UUML_NTHER_ET_AL__2019 href=https://ui.adsabs.harvard.edu/abs/2019NatAs...3.1099G/abstract target=ref>G&uuml;nther et al. 2019</a>,M3.0 V,3386.00,137.00,-131.00,0,0.380000,0.020000,-0.020000,0,0.400000,0.020000,-0.020000,0,-0.1700,0.1000,-0.1000,0,[Fe/H],,,,,<a refstr=STASSUN_ET_AL__2019 href=https://ui.adsabs.harvard.edu/abs/2019AJ....158..138S/abstract target=ref>TICv8</a>,04h33m39.86s,68.4160804,-51d57m26.62s,-51.9573937,22.47930000,0.01355000,-0.01355000,12.6030000,0.0390000,-0.0390000,8.2510000,0.0290000,-0.0290000,11.6306000,0.0004760,-0.0004760,2019-07-29,2019-07,2019-08-01
TOI-270 d,TOI-270,0,1,3,Transit,2019,Transiting Exoplanet Survey Satellite (TESS),TESS Project Candidate,0,<a refstr=EXOFOP_TESS_TOI href=https://exofop.ipac.caltech.edu/tess/view_toi.php target=ref>ExoFOP-TESS TOI</a>,11.37956533963,0.00001514839,-0.00001514839,0,,,,,2.25394645,0.10260336,-0.10260336,0,0.20108398,0.00915367,-0.00915367,0,,,,,,,,,,,,,,3.9180,,,0,358.83,,,0,1,<a refstr=EXOFOP_TESS_TOI href=https://exofop.ipac.caltech.edu/tess/view_toi.php target=ref>ExoFOP-TESS TOI</a>,,3551.00,74.00,-74.00,0,0.374358,0.011496,-0.011496,0,,,,,,,,,,4.839820,0.382963,-0.382963,0,<a refstr=STASSUN_ET_AL__2019 href=https://ui.adsabs.harvard.edu/abs/2019AJ....158..138S/abstract target=ref>TICv8</a>,04h33m39.86s,68.4160804,-51d57m26.62s,-51.9573937,22.47930000,0.01355000,-0.01355000,12.6030000,0.0390000,-0.0390000,8.2510000,0.0290000,-0.0290000,11.6306000,0.0004760,-0.0004760,2022-08-08,2017-07,2022-08-08
TOI-270 d,TOI-270,0,1,3,Transit,2019,Transiting Exoplanet Survey Satellite (TESS),Published Confirmed,0,<a refstr=VAN_EYLEN_ET_AL__2021 href=https://ui.adsabs.harvard.edu/abs/2021MNRAS.507.2154V/abstract target=ref>Van Eylen et al. 2021</a>,11.37957300000,0.00001300000,-0.00001300000,0,0.0721000000,0.0005000000,-0.0005000000,0,2.13300000,0.05800000,-0.05800000,0,0.19029384,0.00517442,-0.00517442,0,4.78000000,0.43000000,-0.43000000,0,0.01503956,0.00135293,-0.00135293,0,Mass,0.032000,0.023000,-0.023000,0,,,,,387.00,10.00,-10.00,0,1,<a refstr=VAN_EYLEN_ET_AL__2021 href=https://ui.adsabs.harvard.edu/abs/2021MNRAS.507.2154V/abstract target=ref>Van Eylen et al. 2021</a>,M,3506.00,70.00,-70.00,0,0.378000,0.011000,-0.011000,0,0.386000,0.008000,-0.008000,0,-0.2000,0.1200,-0.1200,0,[Fe/H],4.872000,0.026000,-0.026000,0,<a refstr=STASSUN_ET_AL__2019 href=https://ui.adsabs.harvard.edu/abs/2019AJ....158..138S/abstract target=ref>TICv8</a>,04h33m39.86s,68.4160804,-51d57m26.62s,-51.9573937,22.47930000,0.01355000,-0.01355000,12.6030000,0.0390000,-0.0390000,8.2510000,0.0290000,-0.0290000,11.6306000,0.0004760,-0.0004760,2021-08-03,2021-10,2021-08-03
TOI-270 d,TOI-270,1,1,3,Transit,2019,Transiting Exoplanet Survey Satellite (TESS),Published Confirmed,0,<a refstr=KAYE_ET_AL__2022 href=https://ui.adsabs.harvard.edu/abs/2022MNRAS.510.5464K/abstract target=ref>Kaye et al. 2022</a>,11.38194000000,0.00011000000,-0.00011000000,0,,,,,2.00000000,0.05000000,-0.05000000,0,0.17842836,0.00446071,-0.00446071,0,4.20000000,0.16000000,-0.16000000,0,0.01321468,0.00050342,-0.00050342,0,Mass,0.006600,0.002000,-0.002000,0,,,,,383.00,9.00,-9.00,0,1,<a refstr=KAYE_ET_AL__2022 href=https://ui.adsabs.harvard.edu/abs/2022MNRAS.510.5464K/abstract target=ref>Kaye et al. 2022</a>,,3506.00,70.00,-70.00,0,0.380000,0.008000,-0.008000,0,0.386000,0.008000,-0.008000,0,,,,,,4.872000,0.026000,-0.026000,0,<a refstr=STASSUN_ET_AL__2019 href=https://ui.adsabs.harvard.edu/abs/2019AJ....158..138S/abstract target=ref>TICv8</a>,04h33m39.86s,68.4160804,-51d57m26.62s,-51.9573937,22.47930000,0.01355000,-0.01355000,12.6030000,0.0390000,-0.0390000,8.2510000,0.0290000,-0.0290000,11.6306000,0.0004760,-0.0004760,2025-10-09,2022-03,2025-10-09
TOI-270 d,TOI-270,0,1,3,Transit,2019,Transiting Exoplanet Survey Satellite (TESS),Published Confirmed,0,<a refstr=KOKORI_ET_AL__2023 href=https://ui.adsabs.harvard.edu/abs/2023ApJS..265....4K/abstract target=ref>Kokori et al. 2023</a>,11.37956800000,0.00001200000,-0.00001200000,0,,,,,,,,,,,,,,,,,,,,,,,,,,,,,,,,,,1,<a refstr=G_UUML_NTHER_ET_AL__2019 href=https://ui.adsabs.harvard.edu/abs/2019NatAs...3.1099G/abstract target=ref>G&uuml;nther et al. 2019</a>,M3.0 V,3386.00,137.00,-131.00,0,0.380000,0.020000,-0.020000,0,0.400000,0.020000,-0.020000,0,-0.1700,0.1000,-0.1000,0,[Fe/H],,,,,<a refstr=STASSUN_ET_AL__2019 href=https://ui.adsabs.harvard.edu/abs/2019AJ....158..138S/abstract target=ref>TICv8</a>,04h33m39.86s,68.4160804,-51d57m26.62s,-51.9573937,22.47930000,0.01355000,-0.01355000,12.6030000,0.0390000,-0.0390000,8.2510000,0.0290000,-0.0290000,11.6306000,0.0004760,-0.0004760,2024-03-04,2023-03,2024-03-04
TOI-270 d,TOI-270,0,1,3,Transit,2019,Transiting Exoplanet Survey Satellite (TESS),Published Confirmed,0,<a refstr=MIKAL_EVANS_ET_AL__2023 href=https://ui.adsabs.harvard.edu/abs/2023AJ....165...84M/abstract target=ref>Mikal-Evans et al. 2023</a>,11.38014000000,,,0,,,,,2.19000000,0.07000000,-0.07000000,0,0.19537905,0.00624499,-0.00624499,0,,,,,,,,,,0.000000,,,0,,,,,,,,,1,<a refstr=MIKAL_EVANS_ET_AL__2023 href=https://ui.adsabs.harvard.edu/abs/2023AJ....165...84M/abstract target=ref>Mikal-Evans et al. 2023</a>,M3 V,,,,,0.380000,,,0,,,,,,,,,,,,,,<a refstr=STASSUN_ET_AL__2019 href=https://ui.adsabs.harvard.edu/abs/2019AJ....158..138S/abstract target=ref>TICv8</a>,04h33m39.86s,68.4160804,-51d57m26.62s,-51.9573937,22.47930000,0.01355000,-0.01355000,12.6030000,0.0390000,-0.0390000,8.2510000,0.0290000,-0.0290000,11.6306000,0.0004760,-0.0004760,2023-08-22,2023-03,2023-08-22
Teegarden's Star b,Teegarden's Star,0,1,3,Radial Velocity,2019,Calar Alto Observatory,Published Confirmed,0,<a refstr=ZECHMEISTER_ET_AL__2019 href=https://ui.adsabs.harvard.edu/abs/2019A&A...627A..49Z/abstract target=ref>Zechmeister et al. 2019</a>,4.91000000000,0.00140000000,-0.00140000000,0,0.0252000000,0.0008000000,-0.0009000000,0,,,,,,,,,1.05000000,0.13000000,-0.12000000,0,0.00330365,0.00040902,-0.00037756,0,Msini,0.000000,0.160000,0.000000,0,1.1500,0.0800,-0.0800,0,,,,,0,<a refstr=ZECHMEISTER_ET_AL__2019 href=https://ui.adsabs.harvard.edu/abs/2019A&A...627A..49Z/abstract target=ref>Zechmeister et al. 2019</a>,M7.0 V,2904.00,51.00,-51.00,0,0.107000,0.004000,-0.004000,0,0.089000,0.009000,-0.009000,0,-0.1900,0.1600,-0.1600,0,[Fe/H],,,,,<a refstr=STASSUN_ET_AL__2019 href=https://ui.adsabs.harvard.edu/abs/2019AJ....158..138S/abstract target=ref>TICv8</a>,02h53m04.59s,43.2691449,+16d51m53.65s,16.8649024,3.83078000,0.00398000,-0.00397000,15.1300000,0.2000000,-0.2000000,7.5850000,0.0460000,-0.0460000,12.2746000,0.0009920,-0.0009920,2019-06-24,2019-07,2019-06-27
Teegarden's Star b,Teegarden's Star,1,1,3,Radial Velocity,2019,Calar Alto Observatory,Published Confirmed,0,<a refstr=DREIZLER_ET_AL__2024 href=https://ui.adsabs.harvard.edu/abs/2024arXiv240200923D/abstract target=ref>Dreizler et al. 2024</a>,4.90634000000,0.00041000000,-0.00041000000,0,0.0259000000,0.0008000000,-0.0009000000,0,,,,,,,,,1.16000000,0.12000000,-0.11000000,0,0.00364977,0.00037756,-0.00034610,0,Msini,0.030000,0.040000,-0.020000,0,1.0800,0.0800,-0.0800,0,277.00,5.00,-5.00,0,0,<a refstr=DREIZLER_ET_AL__2024 href=https://ui.adsabs.harvard.edu/abs/2024arXiv240200923D/abstract target=ref>Dreizler et al. 2024</a>,,3034.00,45.00,-45.00,0,0.120000,0.012000,-0.012000,0,0.097000,0.010000,-0.010000,0,-0.1100,0.2800,-0.2800,0,[Fe/H],5.190000,0.200000,-0.200000,0,<a refstr=STASSUN_ET_AL__2019 href=https://ui.adsabs.harvard.edu/abs/2019AJ....158..138S/abstract target=ref>TICv8</a>,02h53m04.59s,43.2691449,+16d51m53.65s,16.8649024,3.83078000,0.00398000,-0.00397000,15.1300000,0.2000000,-0.2000000,7.5850000,0.0460000,-0.0460000,12.2746000,0.0009920,-0.0009920,2024-03-05,2024-02,2024-03-05
Teegarden's Star c,Teegarden's Star,0,1,3,Radial Velocity,2019,Calar Alto Observatory,Published Confirmed,0,<a refstr=ZECHMEISTER_ET_AL__2019 href=https://ui.adsabs.harvard.edu/abs/2019A&A...627A..49Z/abstract target=ref>Zechmeister et al. 2019</a>,11.40900000000,0.00900000000,-0.00900000000,0,0.0443000000,0.0014000000,-0.0015000000,0,,,,,,,,,1.11000000,0.16000000,-0.15000000,0,0.00349243,0.00050341,-0.00047195,0,Msini,0.000000,0.160000,0.000000,0,0.3700,0.0300,-0.0300,0,,,,,0,<a refstr=ZECHMEISTER_ET_AL__2019 href=https://ui.adsabs.harvard.edu/abs/2019A&A...627A..49Z/abstract target=ref>Zechmeister et al. 2019</a>,M7.0 V,2904.00,51.00,-51.00,0,0.107000,0.004000,-0.004000,0,0.089000,0.009000,-0.009000,0,-0.1900,0.1600,-0.1600,0,[Fe/H],,,,,<a refstr=STASSUN_ET_AL__2019 href=https://ui.adsabs.harvard.edu/abs/2019AJ....158..138S/abstract target=ref>TICv8</a>,02h53m04.59s,43.2691449,+16d51m53.65s,16.8649024,3.83078000,0.00398000,-0.00397000,15.1300000,0.2000000,-0.2000000,7.5850000,0.0460000,-0.0460000,12.2746000,0.0009920,-0.0009920,2019-06-24,2019-07,2019-06-27
Teegarden's Star c,Teegarden's Star,1,1,3,Radial Velocity,2019,Calar Alto Observatory,Published Confirmed,0,<a refstr=DREIZLER_ET_AL__2024 href=https://ui.adsabs.harvard.edu/abs/2024arXiv240200923D/abstract target=ref>Dreizler et al. 2024</a>,11.41600000000,0.00300000000,-0.00300000000,0,0.0455000000,0.0015000000,-0.0016000000,0,,,,,,,,,1.05000000,0.14000000,-0.13000000,0,0.00330367,0.00044049,-0.00040903,0,Msini,0.040000,0.070000,-0.030000,0,0.3500,0.0200,-0.0200,0,209.00,4.00,-4.00,0,0,<a refstr=DREIZLER_ET_AL__2024 href=https://ui.adsabs.harvard.edu/abs/2024arXiv240200923D/abstract target=ref>Dreizler et al. 2024</a>,,3034.00,45.00,-45.00,0,0.120000,0.012000,-0.012000,0,0.097000,0.010000,-0.010000,0,-0.1100,0.2800,-0.2800,0,[Fe/H],5.190000,0.200000,-0.200000,0,<a refstr=STASSUN_ET_AL__2019 href=https://ui.adsabs.harvard.edu/abs/2019AJ....158..138S/abstract target=ref>TICv8</a>,02h53m04.59s,43.2691449,+16d51m53.65s,16.8649024,3.83078000,0.00398000,-0.00397000,15.1300000,0.2000000,-0.2000000,7.5850000,0.0460000,-0.0460000,12.2746000,0.0009920,-0.0009920,2024-03-05,2024-02,2024-03-05
USco1556 b,USco1556 A,1,1,1,Imaging,2019,Multiple Observatories,Published Confirmed,0,<a refstr=CHINCHILLA_ET_AL__2020 href=https://ui.adsabs.harvard.edu/abs/2020A&A...633A.152C/abstract target=ref>Chinchilla et al. 2020</a>,,,,,3500.0000000000,40.0000000000,-40.0000000000,0,,,,,,,,,4767.45000000,635.66000000,-635.66000000,0,15.00000000,2.00000000,-2.00000000,0,Mass,,,,,,,,,2240.00,100.00,-100.00,0,0,<a refstr=CHINCHILLA_ET_AL__2020 href=https://ui.adsabs.harvard.edu/abs/2020A&A...633A.152C/abstract target=ref>Chinchilla et al. 2020</a>,M3.0 V,3410.00,100.00,-100.00,0,,,,,0.330000,0.070000,-0.070000,0,,,,,,,,,,<a refstr=STASSUN_ET_AL__2019 href=https://ui.adsabs.harvard.edu/abs/2019AJ....158..138S/abstract target=ref>TICv8</a>,15h56m24.89s,239.1037198,-25d41m20.57s,-25.6890476,140.63500000,1.66700000,-1.62900000,15.3600000,0.1210000,-0.1210000,10.4410000,0.0230000,-0.0230000,14.3099000,0.0028840,-0.0028840,2020-01-13,2020-01,2020-01-16
USco1621 b,USco1621 A,1,1,1,Imaging,2019,Multiple Observatories,Published Confirmed,0,<a refstr=CHINCHILLA_ET_AL__2020 href=https://ui.adsabs.harvard.edu/abs/2020A&A...633A.152C/abstract target=ref>Chinchilla et al. 2020</a>,,,,,2880.0000000000,20.0000000000,-20.0000000000,0,,,,,,,,,5085.28000000,635.66000000,-635.66000000,0,16.00000000,2.00000000,-2.00000000,0,Mass,,,,,,,,,2270.00,90.00,-90.00,0,0,<a refstr=CHINCHILLA_ET_AL__2020 href=https://ui.adsabs.harvard.edu/abs/2020A&A...633A.152C/abstract target=ref>Chinchilla et al. 2020</a>,M2.5 V,3460.00,100.00,-100.00,0,,,,,0.360000,0.080000,-0.080000,0,,,,,,,,,,<a refstr=STASSUN_ET_AL__2019 href=https://ui.adsabs.harvard.edu/abs/2019AJ....158..138S/abstract target=ref>TICv8</a>,16h21m29.54s,245.3730855,-25d29m43.54s,-25.4954265,137.90100000,0.97300000,-0.96000000,15.5430000,0.1830000,-0.1830000,10.1930000,0.0210000,-0.0210000,14.1769000,0.0007680,-0.0007680,2020-01-13,2020-01,2020-01-16
V1298 Tau b,V1298 Tau,0,3,4,Transit,2019,K2,Published Confirmed,0,<a refstr=FEINSTEIN_ET_AL__2022 href=https://ui.adsabs.harvard.edu/abs/2022ApJ...925L...2F/abstract target=ref>Feinstein et al. 2022</a>,24.13150000000,0.00330000000,-0.00340000000,0,,,,,9.53000000,0.32000000,-0.32000000,0,0.85000000,0.03000000,-0.03000000,0,,,,,,,,,,,,,,,,,,,,,,1,<a refstr=FEINSTEIN_ET_AL__2022 href=https://ui.adsabs.harvard.edu/abs/2022ApJ...925L...2F/abstract target=ref>Feinstein et al. 2022</a>,,,,,,1.330000,0.040000,-0.030000,0,1.095000,0.049000,-0.047000,0,,,,,,,,,,<a refstr=STASSUN_ET_AL__2019 href=https://ui.adsabs.harvard.edu/abs/2019AJ....158..138S/abstract target=ref>TICv8</a>,04h05m19.60s,61.3316540,+20d09m25.31s,20.1570318,108.19900000,0.70400000,-0.69600000,10.1150000,0.0090000,-0.0090000,8.0940000,0.0210000,-0.0210000,10.0702000,0.0006820,-0.0006820,2023-03-15,2022-01,2023-03-15
V1298 Tau b,V1298 Tau,0,3,4,Transit,2019,K2,Published Confirmed,0,<a refstr=SU_AACUTE_REZ_MASCARE_NTILDE_O_ET_AL__2022 href=https://ui.adsabs.harvard.edu/abs/2022NatAs...6..232S/abstract target=ref>Su&aacute;rez Mascare&ntilde;o et al. 2022</a>,24.13990000000,0.00150000000,-0.00150000000,0,0.1719000000,0.0027000000,-0.0027000000,0,9.72939525,0.62770292,-0.62770292,0,0.86800000,0.05600000,-0.05600000,0,203.41018048,60.38739733,-60.38739733,0,0.64000000,0.19000000,-0.19000000,0,Mass,0.134000,0.075000,-0.075000,0,,,,,,,,,1,<a refstr=SU_AACUTE_REZ_MASCARE_NTILDE_O_ET_AL__2022 href=https://ui.adsabs.harvard.edu/abs/2022NatAs...6..232S/abstract target=ref>Su&aacute;rez Mascare&ntilde;o et al. 2022</a>,K1,5050.00,100.00,-100.00,0,1.278000,0.070000,-0.070000,0,1.170000,0.060000,-0.060000,0,0.1000,0.1500,-0.1500,0,[Fe/H],,,,,<a refstr=STASSUN_ET_AL__2019 href=https://ui.adsabs.harvard.edu/abs/2019AJ....158..138S/abstract target=ref>TICv8</a>,04h05m19.60s,61.3316540,+20d09m25.31s,20.1570318,108.19900000,0.70400000,-0.69600000,10.1150000,0.0090000,-0.0090000,8.0940000,0.0210000,-0.0210000,10.0702000,0.0006820,-0.0006820,2023-04-10,2021-12,2023-04-10
V1298 Tau b,V1298 Tau,0,3,4,Transit,2019,K2,Published Confirmed,0,<a refstr=JOHNSON_ET_AL__2022 href=https://ui.adsabs.harvard.edu/abs/2022AJ....163..247J/abstract target=ref>Johnson et al. 2022</a>,24.14134100000,0.00002300000,-0.00002300000,0,,,,,,,,,,,,,,,,,,,,,,,,,,,,,,,,,,1,<a refstr=JOHNSON_ET_AL__2022 href=https://ui.adsabs.harvard.edu/abs/2022AJ....163..247J/abstract target=ref>Johnson et al. 2022</a>,,,,,,1.407000,0.018000,-0.018000,0,1.135000,0.047000,-0.047000,0,,,,,,,,,,<a refstr=STASSUN_ET_AL__2019 href=https://ui.adsabs.harvard.edu/abs/2019AJ....158..138S/abstract target=ref>TICv8</a>,04h05m19.60s,61.3316540,+20d09m25.31s,20.1570318,108.19900000,0.70400000,-0.69600000,10.1150000,0.0090000,-0.0090000,8.0940000,0.0210000,-0.0210000,10.0702000,0.0006820,-0.0006820,2023-05-03,2022-06,2023-05-03
V1298 Tau b,V1298 Tau,1,3,4,Transit,2019,K2,Published Confirmed,0,<a refstr=DAVID_ET_AL__2019 href=https://ui.adsabs.harvard.edu/abs/2019ApJ...885L..12D/abstract target=ref>David et al. 2019</a>,24.13960000000,0.00180000000,-0.00180000000,0,0.1688000000,0.0026000000,-0.0026000000,0,10.27000000,0.58000000,-0.53000000,0,0.91600000,0.05200000,-0.04700000,0,,,,,,,,,,0.290000,,,1,35.0000,5.0000,-5.0000,0,677.00,22.00,-22.00,0,1,<a refstr=DAVID_ET_AL__2019 href=https://ui.adsabs.harvard.edu/abs/2019ApJ...885L..12D/abstract target=ref>David et al. 2019</a>,,,,,,1.345000,0.056000,-0.051000,0,1.101000,0.049000,-0.051000,0,,,,,,,,,,<a refstr=STASSUN_ET_AL__2019 href=https://ui.adsabs.harvard.edu/abs/2019AJ....158..138S/abstract target=ref>TICv8</a>,04h05m19.60s,61.3316540,+20d09m25.31s,20.1570318,108.19900000,0.70400000,-0.69600000,10.1150000,0.0090000,-0.0090000,8.0940000,0.0210000,-0.0210000,10.0702000,0.0006820,-0.0006820,2019-10-18,2019-11,2019-10-24
V1298 Tau b,V1298 Tau,0,3,4,Transit,2019,K2,Published Confirmed,0,<a refstr=DAVID_ET_AL__2019 href=https://ui.adsabs.harvard.edu/abs/2019AJ....158...79D/abstract target=ref>David et al. 2019</a>,24.13861000000,0.00102000000,-0.00090000000,0,0.1687000000,0.0025000000,-0.0026000000,0,10.22000000,0.55000000,-0.59000000,0,0.91100000,0.04900000,-0.05300000,0,,,,,,,,,,0.112000,0.133000,-0.083000,0,33.2000,4.5000,-4.2000,0,668.00,22.00,-22.00,0,1,<a refstr=DAVID_ET_AL__2019 href=https://ui.adsabs.harvard.edu/abs/2019AJ....158...79D/abstract target=ref>David et al. 2019</a>,K0,4970.00,120.00,-120.00,0,1.314000,0.052000,-0.064000,0,1.099000,0.049000,-0.049000,0,,,,,,4.246000,0.034000,-0.034000,0,<a refstr=STASSUN_ET_AL__2019 href=https://ui.adsabs.harvard.edu/abs/2019AJ....158..138S/abstract target=ref>TICv8</a>,04h05m19.60s,61.3316540,+20d09m25.31s,20.1570318,108.19900000,0.70400000,-0.69600000,10.1150000,0.0090000,-0.0090000,8.0940000,0.0210000,-0.0210000,10.0702000,0.0006820,-0.0006820,2019-10-18,2019-08,2019-06-27
V1298 Tau c,V1298 Tau,1,3,4,Transit,2019,K2,Published Confirmed,0,<a refstr=DAVID_ET_AL__2019 href=https://ui.adsabs.harvard.edu/abs/2019ApJ...885L..12D/abstract target=ref>David et al. 2019</a>,8.24958000000,0.00072000000,-0.00072000000,0,0.0825000000,0.0013000000,-0.0013000000,0,5.59000000,0.36000000,-0.32000000,0,0.49900000,0.03200000,-0.02900000,0,,,,,,,,,,0.430000,,,1,146.0000,20.0000,-20.0000,0,968.00,31.00,-31.00,0,1,<a refstr=DAVID_ET_AL__2019 href=https://ui.adsabs.harvard.edu/abs/2019ApJ...885L..12D/abstract target=ref>David et al. 2019</a>,,,,,,1.345000,0.056000,-0.051000,0,1.101000,0.049000,-0.051000,0,,,,,,,,,,<a refstr=STASSUN_ET_AL__2019 href=https://ui.adsabs.harvard.edu/abs/2019AJ....158..138S/abstract target=ref>TICv8</a>,04h05m19.60s,61.3316540,+20d09m25.31s,20.1570318,108.19900000,0.70400000,-0.69600000,10.1150000,0.0090000,-0.0090000,8.0940000,0.0210000,-0.0210000,10.0702000,0.0006820,-0.0006820,2019-10-18,2019-11,2019-10-24
V1298 Tau c,V1298 Tau,0,3,4,Transit,2019,K2,Published Confirmed,0,<a refstr=FEINSTEIN_ET_AL__2021 href=https://ui.adsabs.harvard.edu/abs/2021AJ....162..213F/abstract target=ref>Feinstein et al. 2021</a>,8.24959000000,0.00022000000,-0.00018000000,0,,,,,,,,,,,,,,,,,,,,,,0.100000,0.030000,-0.040000,0,,,,,,,,,1,<a refstr=FEINSTEIN_ET_AL__2021 href=https://ui.adsabs.harvard.edu/abs/2021AJ....162..213F/abstract target=ref>Feinstein et al. 2021</a>,,,,,,,,,,,,,,,,,,,,,,,<a refstr=STASSUN_ET_AL__2019 href=https://ui.adsabs.harvard.edu/abs/2019AJ....158..138S/abstract target=ref>TICv8</a>,04h05m19.60s,61.3316540,+20d09m25.31s,20.1570318,108.19900000,0.70400000,-0.69600000,10.1150000,0.0090000,-0.0090000,8.0940000,0.0210000,-0.0210000,10.0702000,0.0006820,-0.0006820,2023-08-07,2021-11,2023-08-07
V1298 Tau c,V1298 Tau,0,3,4,Transit,2019,K2,Published Confirmed,0,<a refstr=FEINSTEIN_ET_AL__2022 href=https://ui.adsabs.harvard.edu/abs/2022ApJ...925L...2F/abstract target=ref>Feinstein et al. 2022</a>,8.24380000000,0.00240000000,-0.00200000000,0,,,,,5.05000000,0.14000000,-0.14000000,0,0.45000000,0.01000000,-0.01000000,0,,,,,,,,,,,,,,,,,,,,,,1,<a refstr=FEINSTEIN_ET_AL__2022 href=https://ui.adsabs.harvard.edu/abs/2022ApJ...925L...2F/abstract target=ref>Feinstein et al. 2022</a>,,,,,,1.330000,0.040000,-0.030000,0,1.095000,0.049000,-0.047000,0,,,,,,,,,,<a refstr=STASSUN_ET_AL__2019 href=https://ui.adsabs.harvard.edu/abs/2019AJ....158..138S/abstract target=ref>TICv8</a>,04h05m19.60s,61.3316540,+20d09m25.31s,20.1570318,108.19900000,0.70400000,-0.69600000,10.1150000,0.0090000,-0.0090000,8.0940000,0.0210000,-0.0210000,10.0702000,0.0006820,-0.0006820,2023-03-15,2022-01,2023-03-15
V1298 Tau c,V1298 Tau,0,3,4,Transit,2019,K2,Published Confirmed,0,<a refstr=SU_AACUTE_REZ_MASCARE_NTILDE_O_ET_AL__2022 href=https://ui.adsabs.harvard.edu/abs/2022NatAs...6..232S/abstract target=ref>Su&aacute;rez Mascare&ntilde;o et al. 2022</a>,8.24892000000,0.00083000000,-0.00083000000,0,0.0841000000,0.0013000000,-0.0013000000,0,5.15613112,0.38110534,-0.38110534,0,0.46000000,0.03400000,-0.03400000,0,76.27881768,,,1,0.24000000,,,1,Mass,0.300000,,,1,,,,,,,,,1,<a refstr=SU_AACUTE_REZ_MASCARE_NTILDE_O_ET_AL__2022 href=https://ui.adsabs.harvard.edu/abs/2022NatAs...6..232S/abstract target=ref>Su&aacute;rez Mascare&ntilde;o et al. 2022</a>,K1,5050.00,100.00,-100.00,0,1.278000,0.070000,-0.070000,0,1.170000,0.060000,-0.060000,0,0.1000,0.1500,-0.1500,0,[Fe/H],,,,,<a refstr=STASSUN_ET_AL__2019 href=https://ui.adsabs.harvard.edu/abs/2019AJ....158..138S/abstract target=ref>TICv8</a>,04h05m19.60s,61.3316540,+20d09m25.31s,20.1570318,108.19900000,0.70400000,-0.69600000,10.1150000,0.0090000,-0.0090000,8.0940000,0.0210000,-0.0210000,10.0702000,0.0006820,-0.0006820,2023-04-10,2021-12,2023-04-10
V1298 Tau d,V1298 Tau,0,3,4,Transit,2019,K2,Published Confirmed,0,<a refstr=SU_AACUTE_REZ_MASCARE_NTILDE_O_ET_AL__2022 href=https://ui.adsabs.harvard.edu/abs/2022NatAs...6..232S/abstract target=ref>Su&aacute;rez Mascare&ntilde;o et al. 2022</a>,12.40580000000,0.00180000000,-0.00180000000,0,0.1103000000,0.0017000000,-0.0017000000,0,6.43395492,0.45956821,-0.45956821,0,0.57400000,0.04100000,-0.04100000,0,98.52680617,,,1,0.31000000,,,1,Mass,0.200000,,,1,,,,,,,,,1,<a refstr=SU_AACUTE_REZ_MASCARE_NTILDE_O_ET_AL__2022 href=https://ui.adsabs.harvard.edu/abs/2022NatAs...6..232S/abstract target=ref>Su&aacute;rez Mascare&ntilde;o et al. 2022</a>,K1,5050.00,100.00,-100.00,0,1.278000,0.070000,-0.070000,0,1.170000,0.060000,-0.060000,0,0.1000,0.1500,-0.1500,0,[Fe/H],,,,,<a refstr=STASSUN_ET_AL__2019 href=https://ui.adsabs.harvard.edu/abs/2019AJ....158..138S/abstract target=ref>TICv8</a>,04h05m19.60s,61.3316540,+20d09m25.31s,20.1570318,108.19900000,0.70400000,-0.69600000,10.1150000,0.0090000,-0.0090000,8.0940000,0.0210000,-0.0210000,10.0702000,0.0006820,-0.0006820,2023-04-10,2021-12,2023-04-10
V1298 Tau d,V1298 Tau,1,3,4,Transit,2019,K2,Published Confirmed,0,<a refstr=DAVID_ET_AL__2019 href=https://ui.adsabs.harvard.edu/abs/2019ApJ...885L..12D/abstract target=ref>David et al. 2019</a>,12.40320000000,0.00150000000,-0.00150000000,0,0.1083000000,0.0017000000,-0.0017000000,0,6.41000000,0.45000000,-0.40000000,0,0.57200000,0.04000000,-0.03500000,0,,,,,,,,,,0.210000,,,1,85.0000,11.0000,-11.0000,0,845.00,27.00,-27.00,0,1,<a refstr=DAVID_ET_AL__2019 href=https://ui.adsabs.harvard.edu/abs/2019ApJ...885L..12D/abstract target=ref>David et al. 2019</a>,,,,,,1.345000,0.056000,-0.051000,0,1.101000,0.049000,-0.051000,0,,,,,,,,,,<a refstr=STASSUN_ET_AL__2019 href=https://ui.adsabs.harvard.edu/abs/2019AJ....158..138S/abstract target=ref>TICv8</a>,04h05m19.60s,61.3316540,+20d09m25.31s,20.1570318,108.19900000,0.70400000,-0.69600000,10.1150000,0.0090000,-0.0090000,8.0940000,0.0210000,-0.0210000,10.0702000,0.0006820,-0.0006820,2019-10-18,2019-11,2019-10-24
V1298 Tau d,V1298 Tau,0,3,4,Transit,2019,K2,Published Confirmed,0,<a refstr=FEINSTEIN_ET_AL__2022 href=https://ui.adsabs.harvard.edu/abs/2022ApJ...925L...2F/abstract target=ref>Feinstein et al. 2022</a>,12.39600000000,0.00190000000,-0.00200000000,0,,,,,6.13000000,0.28000000,-0.28000000,0,0.55000000,0.03000000,-0.03000000,0,,,,,,,,,,,,,,,,,,,,,,1,<a refstr=FEINSTEIN_ET_AL__2022 href=https://ui.adsabs.harvard.edu/abs/2022ApJ...925L...2F/abstract target=ref>Feinstein et al. 2022</a>,,,,,,1.330000,0.040000,-0.030000,0,1.095000,0.049000,-0.047000,0,,,,,,,,,,<a refstr=STASSUN_ET_AL__2019 href=https://ui.adsabs.harvard.edu/abs/2019AJ....158..138S/abstract target=ref>TICv8</a>,04h05m19.60s,61.3316540,+20d09m25.31s,20.1570318,108.19900000,0.70400000,-0.69600000,10.1150000,0.0090000,-0.0090000,8.0940000,0.0210000,-0.0210000,10.0702000,0.0006820,-0.0006820,2023-03-15,2022-01,2023-03-15
V1298 Tau e,V1298 Tau,1,3,4,Transit,2019,K2,Published Confirmed,0,<a refstr=FINOCIETY_ET_AL__2023 href=https://ui.adsabs.harvard.edu/abs/2023MNRAS.526.4627F/abstract target=ref>Finociety et al. 2023</a>,53.50000000000,0.40000000000,-0.40000000000,0,,,,,9.97599282,,,0,0.89000000,,,0,321.00669107,111.23994245,-82.63538582,0,1.01000000,0.35000000,-0.26000000,0,Mass,,,,,,,,,,,,,0,<a refstr=FINOCIETY_ET_AL__2023 href=https://ui.adsabs.harvard.edu/abs/2023MNRAS.526.4627F/abstract target=ref>Finociety et al. 2023</a>,,4941.00,31.00,-16.00,0,1.430000,0.030000,-0.030000,0,1.260000,0.060000,-0.060000,0,,,,,,4.227000,0.010000,-0.008000,0,<a refstr=STASSUN_ET_AL__2019 href=https://ui.adsabs.harvard.edu/abs/2019AJ....158..138S/abstract target=ref>TICv8</a>,04h05m19.60s,61.3316540,+20d09m25.31s,20.1570318,108.19900000,0.70400000,-0.69600000,10.1150000,0.0090000,-0.0090000,8.0940000,0.0210000,-0.0210000,10.0702000,0.0006820,-0.0006820,2024-03-25,2023-12,2024-03-25
V1298 Tau e,V1298 Tau,0,3,4,Transit,2019,K2,Published Confirmed,0,<a refstr=DAVID_ET_AL__2019 href=https://ui.adsabs.harvard.edu/abs/2019ApJ...885L..12D/abstract target=ref>David et al. 2019</a>,60.00000000000,60.00000000000,-18.00000000000,0,0.3080000000,0.1820000000,-0.0660000000,0,8.74000000,0.84000000,-0.72000000,0,0.78000000,0.07500000,-0.06400000,0,,,,,,,,,,0.570000,,,1,10.0000,6.0000,-6.0000,0,492.00,66.00,-104.00,0,0,<a refstr=DAVID_ET_AL__2019 href=https://ui.adsabs.harvard.edu/abs/2019ApJ...885L..12D/abstract target=ref>David et al. 2019</a>,,,,,,1.345000,0.056000,-0.051000,0,1.101000,0.049000,-0.051000,0,,,,,,,,,,<a refstr=STASSUN_ET_AL__2019 href=https://ui.adsabs.harvard.edu/abs/2019AJ....158..138S/abstract target=ref>TICv8</a>,04h05m19.60s,61.3316540,+20d09m25.31s,20.1570318,108.19900000,0.70400000,-0.69600000,10.1150000,0.0090000,-0.0090000,8.0940000,0.0210000,-0.0210000,10.0702000,0.0006820,-0.0006820,2019-10-18,2019-11,2019-10-24
V1298 Tau e,V1298 Tau,0,3,4,Transit,2019,K2,Published Confirmed,0,<a refstr=FEINSTEIN_ET_AL__2022 href=https://ui.adsabs.harvard.edu/abs/2022ApJ...925L...2F/abstract target=ref>Feinstein et al. 2022</a>,44.16990000000,,,0,,,,,9.94000000,0.39000000,-0.39000000,0,0.89000000,0.04000000,-0.04000000,0,,,,,,,,,,,,,,,,,,,,,,0,<a refstr=FEINSTEIN_ET_AL__2022 href=https://ui.adsabs.harvard.edu/abs/2022ApJ...925L...2F/abstract target=ref>Feinstein et al. 2022</a>,,,,,,1.330000,0.040000,-0.030000,0,1.095000,0.049000,-0.047000,0,,,,,,,,,,<a refstr=STASSUN_ET_AL__2019 href=https://ui.adsabs.harvard.edu/abs/2019AJ....158..138S/abstract target=ref>TICv8</a>,04h05m19.60s,61.3316540,+20d09m25.31s,20.1570318,108.19900000,0.70400000,-0.69600000,10.1150000,0.0090000,-0.0090000,8.0940000,0.0210000,-0.0210000,10.0702000,0.0006820,-0.0006820,2023-03-15,2022-01,2023-03-15
V1298 Tau e,V1298 Tau,0,3,4,Transit,2019,K2,Published Confirmed,0,<a refstr=SU_AACUTE_REZ_MASCARE_NTILDE_O_ET_AL__2022 href=https://ui.adsabs.harvard.edu/abs/2022NatAs...6..232S/abstract target=ref>Su&aacute;rez Mascare&ntilde;o et al. 2022</a>,40.20000000000,1.00000000000,-1.00000000000,0,0.2409000000,0.0083000000,-0.0083000000,0,8.23860081,0.80704661,-0.80704661,0,0.73500000,0.07200000,-0.07200000,0,368.68095212,95.34852210,-95.34852210,0,1.16000000,0.30000000,-0.30000000,0,Mass,0.100000,0.091000,-0.091000,0,,,,,,,,,0,<a refstr=SU_AACUTE_REZ_MASCARE_NTILDE_O_ET_AL__2022 href=https://ui.adsabs.harvard.edu/abs/2022NatAs...6..232S/abstract target=ref>Su&aacute;rez Mascare&ntilde;o et al. 2022</a>,K1,5050.00,100.00,-100.00,0,1.278000,0.070000,-0.070000,0,1.170000,0.060000,-0.060000,0,0.1000,0.1500,-0.1500,0,[Fe/H],,,,,<a refstr=STASSUN_ET_AL__2019 href=https://ui.adsabs.harvard.edu/abs/2019AJ....158..138S/abstract target=ref>TICv8</a>,04h05m19.60s,61.3316540,+20d09m25.31s,20.1570318,108.19900000,0.70400000,-0.69600000,10.1150000,0.0090000,-0.0090000,8.0940000,0.0210000,-0.0210000,10.0702000,0.0006820,-0.0006820,2023-04-10,2021-12,2023-04-10
WASP-126 c,WASP-126,1,1,2,Transit Timing Variations,2019,Transiting Exoplanet Survey Satellite (TESS),Published Confirmed,0,<a refstr=PEARSON_2019 href=https://ui.adsabs.harvard.edu/abs/2019AJ....158..243P/abstract target=ref>Pearson 2019</a>,7.63000000000,0.17000000000,-0.17000000000,0,,,,,,,,,,,,,64.20000000,24.60000000,-24.60000000,0,0.20199478,0.07739987,-0.07739987,0,Mass,0.050000,,,1,,,,,,,,,0,<a refstr=PEARSON_2019 href=https://ui.adsabs.harvard.edu/abs/2019AJ....158..243P/abstract target=ref>Pearson 2019</a>,,5800.00,,,0,1.270000,,,0,1.120000,,,0,,,,,,,,,,<a refstr=STASSUN_ET_AL__2019 href=https://ui.adsabs.harvard.edu/abs/2019AJ....158..138S/abstract target=ref>TICv8</a>,04h13m29.93s,63.3747060,-69d13m35.73s,-69.2265926,216.52600000,0.93600000,-0.92800000,10.9940000,0.0120000,-0.0120000,9.5980000,0.0210000,-0.0210000,11.0665000,0.0003060,-0.0003060,2019-12-02,2019-12,2019-12-05
WASP-166 b,WASP-166,0,1,1,Transit,2019,WASP-South,Published Confirmed,0,<a refstr=BOURRIER_ET_AL__2023 href=https://ui.adsabs.harvard.edu/abs/2023A&A...669A..63B/abstract target=ref>Bourrier et al. 2023</a>,5.44354020000,0.00000270000,-0.00000300000,0,,,,,,,,,,,,,,,,,,,,,,0.000000,,,0,,,,,,,,,0,<a refstr=BOURRIER_ET_AL__2023 href=https://ui.adsabs.harvard.edu/abs/2023A&A...669A..63B/abstract target=ref>Bourrier et al. 2023</a>,F9,6050.00,50.00,-50.00,0,1.220000,0.060000,-0.060000,0,,,,,,,,,,,,,,<a refstr=STASSUN_ET_AL__2019 href=https://ui.adsabs.harvard.edu/abs/2019AJ....158..138S/abstract target=ref>TICv8</a>,09h39m30.03s,144.8751047,-20d58m56.71s,-20.9824191,114.17300000,0.59100000,-0.58600000,9.3510000,0.0020000,-0.0020000,8.0320000,0.0230000,-0.0230000,9.2570000,0.0003100,-0.0003100,2024-12-10,2023-01,2024-12-10
WASP-166 b,WASP-166,0,1,1,Transit,2019,WASP-South,Published Confirmed,0,<a refstr=KOKORI_ET_AL__2023 href=https://ui.adsabs.harvard.edu/abs/2023ApJS..265....4K/abstract target=ref>Kokori et al. 2023</a>,5.44354230000,0.00000310000,-0.00000310000,0,,,,,,,,,,,,,,,,,,,,,,,,,,,,,,,,,,0,<a refstr=HELLIER_ET_AL__2019 href=https://ui.adsabs.harvard.edu/abs/2019MNRAS.488.3067H/abstract target=ref>Hellier et al. 2019</a>,F9 V,6050.00,50.00,-50.00,0,1.220000,0.060000,-0.060000,0,1.190000,0.060000,-0.060000,0,0.1900,0.0500,-0.0500,0,[Fe/H],4.340000,0.050000,-0.050000,0,<a refstr=STASSUN_ET_AL__2019 href=https://ui.adsabs.harvard.edu/abs/2019AJ....158..138S/abstract target=ref>TICv8</a>,09h39m30.03s,144.8751047,-20d58m56.71s,-20.9824191,114.17300000,0.59100000,-0.58600000,9.3510000,0.0020000,-0.0020000,8.0320000,0.0230000,-0.0230000,9.2570000,0.0003100,-0.0003100,2024-03-04,2023-03,2024-03-04
WASP-166 b,WASP-166,0,1,1,Transit,2019,WASP-South,Published Confirmed,0,<a refstr=PATEL__AMP__ESPINOZA_2022 href=https://ui.adsabs.harvard.edu/abs/2022AJ....163..228P/abstract target=ref>Patel &amp; Espinoza 2022</a>,5.44353970000,0.00000310000,-0.00000300000,0,,,,,,,,,,,,,,,,,,,,,,,,,,,,,,,,,,0,<a refstr=HELLIER_ET_AL__2019 href=https://ui.adsabs.harvard.edu/abs/2019MNRAS.488.3067H/abstract target=ref>Hellier et al. 2019</a>,F9 V,6050.00,50.00,-50.00,0,1.220000,0.060000,-0.060000,0,1.190000,0.060000,-0.060000,0,0.1900,0.0500,-0.0500,0,[Fe/H],4.340000,0.050000,-0.050000,0,<a refstr=STASSUN_ET_AL__2019 href=https://ui.adsabs.harvard.edu/abs/2019AJ....158..138S/abstract target=ref>TICv8</a>,09h39m30.03s,144.8751047,-20d58m56.71s,-20.9824191,114.17300000,0.59100000,-0.58600000,9.3510000,0.0020000,-0.0020000,8.0320000,0.0230000,-0.0230000,9.2570000,0.0003100,-0.0003100,2022-05-03,2022-05,2022-05-03
WASP-166 b,WASP-166,1,1,1,Transit,2019,WASP-South,Published Confirmed,0,<a refstr=HELLIER_ET_AL__2019 href=https://ui.adsabs.harvard.edu/abs/2019MNRAS.488.3067H/abstract target=ref>Hellier et al. 2019</a>,5.44354000000,0.00000400000,-0.00000400000,0,0.0641000000,0.0011000000,-0.0011000000,0,7.06167000,0.33627000,-0.33627000,0,0.63000000,0.03000000,-0.03000000,0,32.10083000,1.58915000,-1.58915000,0,0.10100000,0.00500000,-0.00500000,0,Mass,0.000000,,,0,440.0000,40.0000,-40.0000,0,1270.00,30.00,-30.00,0,0,<a refstr=HELLIER_ET_AL__2019 href=https://ui.adsabs.harvard.edu/abs/2019MNRAS.488.3067H/abstract target=ref>Hellier et al. 2019</a>,F9 V,6050.00,50.00,-50.00,0,1.220000,0.060000,-0.060000,0,1.190000,0.060000,-0.060000,0,0.1900,0.0500,-0.0500,0,[Fe/H],4.340000,0.050000,-0.050000,0,<a refstr=STASSUN_ET_AL__2019 href=https://ui.adsabs.harvard.edu/abs/2019AJ....158..138S/abstract target=ref>TICv8</a>,09h39m30.03s,144.8751047,-20d58m56.71s,-20.9824191,114.17300000,0.59100000,-0.58600000,9.3510000,0.0020000,-0.0020000,8.0320000,0.0230000,-0.0230000,9.2570000,0.0003100,-0.0003100,2019-07-19,2019-09,2019-07-25
WASP-166 b,WASP-166,0,1,1,Transit,2019,WASP-South,TESS Project Candidate,0,<a refstr=EXOFOP_TESS_TOI href=https://exofop.ipac.caltech.edu/tess/view_toi.php target=ref>ExoFOP-TESS TOI</a>,5.44353540000,0.00000300000,-0.00000300000,0,,,,,7.30242000,0.32795600,-0.32795600,0,0.65147940,0.02925832,-0.02925832,0,,,,,,,,,,,,,,402.8660,,,0,1248.00,,,0,0,<a refstr=EXOFOP_TESS_TOI href=https://exofop.ipac.caltech.edu/tess/view_toi.php target=ref>ExoFOP-TESS TOI</a>,,6313.00,196.00,-196.00,0,1.250000,0.060000,-0.060000,0,,,,,,,,,,4.326320,0.289026,-0.289026,0,<a refstr=STASSUN_ET_AL__2019 href=https://ui.adsabs.harvard.edu/abs/2019AJ....158..138S/abstract target=ref>TICv8</a>,09h39m30.03s,144.8751047,-20d58m56.71s,-20.9824191,114.17300000,0.59100000,-0.58600000,9.3510000,0.0020000,-0.0020000,8.0320000,0.0230000,-0.0230000,9.2570000,0.0003100,-0.0003100,2023-04-17,2017-07,2023-04-17
WASP-169 b,WASP-169,0,1,1,Transit,2019,WASP-South,Published Confirmed,0,<a refstr=IVSHINA__AMP__WINN_2022 href=https://ui.adsabs.harvard.edu/abs/2022ApJS..259...62I/abstract target=ref>Ivshina &amp; Winn 2022</a>,5.61142370000,0.00000570000,-0.00000570000,0,,,,,,,,,,,,,,,,,,,,,,,,,,,,,,,,,,0,,,,,,,,,,,,,,,,,,,,,,,,<a refstr=STASSUN_ET_AL__2019 href=https://ui.adsabs.harvard.edu/abs/2019AJ....158..138S/abstract target=ref>TICv8</a>,08h29m32.94s,127.3872297,-12d56m41.17s,-12.9447683,627.06600000,14.15900000,-13.55900000,12.1670000,0.0340000,-0.0340000,10.4830000,0.0250000,-0.0250000,11.7206000,0.0002660,-0.0002660,2022-10-18,2022-04,2022-10-18
WASP-169 b,WASP-169,1,1,1,Transit,2019,WASP-South,Published Confirmed,0,<a refstr=NIELSEN_ET_AL__2019 href=https://ui.adsabs.harvard.edu/abs/2019MNRAS.489.2478N/abstract target=ref>Nielsen et al. 2019</a>,5.61141180000,0.00000920000,-0.00000920000,0,0.0681000000,0.0014000000,-0.0014000000,0,14.61653600,1.68135000,-0.81825700,0,1.30400000,0.15000000,-0.07300000,0,178.30263000,19.38763000,-19.38763000,0,0.56100000,0.06100000,-0.06100000,0,Mass,0.000000,,,0,,,,,1604.00,74.00,-42.00,0,0,<a refstr=NIELSEN_ET_AL__2019 href=https://ui.adsabs.harvard.edu/abs/2019MNRAS.489.2478N/abstract target=ref>Nielsen et al. 2019</a>,F8,6110.00,101.00,-101.00,0,2.011000,0.188000,-0.089000,0,1.337000,0.083000,-0.083000,0,0.0600,0.0700,-0.0700,0,[Fe/H],3.958000,0.033000,-0.076000,0,<a refstr=STASSUN_ET_AL__2019 href=https://ui.adsabs.harvard.edu/abs/2019AJ....158..138S/abstract target=ref>TICv8</a>,08h29m32.94s,127.3872297,-12d56m41.17s,-12.9447683,627.06600000,14.15900000,-13.55900000,12.1670000,0.0340000,-0.0340000,10.4830000,0.0250000,-0.0250000,11.7206000,0.0002660,-0.0002660,2019-09-04,2019-10,2019-09-12
WASP-169 b,WASP-169,0,1,1,Transit,2019,WASP-South,TESS Project Candidate,0,<a refstr=EXOFOP_TESS_TOI href=https://exofop.ipac.caltech.edu/tess/view_toi.php target=ref>ExoFOP-TESS TOI</a>,5.61077370946,0.00089251200,-0.00089251200,0,,,,,18.37017356,1.03351220,-1.03351220,0,1.63887993,0.09220394,-0.09220394,0,,,,,,,,,,,,,,1486.8579,,,0,1583.75,,,0,0,<a refstr=EXOFOP_TESS_TOI href=https://exofop.ipac.caltech.edu/tess/view_toi.php target=ref>ExoFOP-TESS TOI</a>,,6013.50,210.80,-210.80,0,2.213270,0.111191,-0.111191,0,,,,,,,,,,4.170000,1.750000,-1.750000,0,<a refstr=STASSUN_ET_AL__2019 href=https://ui.adsabs.harvard.edu/abs/2019AJ....158..138S/abstract target=ref>TICv8</a>,08h29m32.94s,127.3872297,-12d56m41.17s,-12.9447683,627.06600000,14.15900000,-13.55900000,12.1670000,0.0340000,-0.0340000,10.4830000,0.0250000,-0.0250000,11.7206000,0.0002660,-0.0002660,2022-08-08,2017-07,2022-08-08
WASP-169 b,WASP-169,0,1,1,Transit,2019,WASP-South,Published Confirmed,0,<a refstr=PATEL__AMP__ESPINOZA_2022 href=https://ui.adsabs.harvard.edu/abs/2022AJ....163..228P/abstract target=ref>Patel &amp; Espinoza 2022</a>,5.61141180000,0.00000820000,-0.00000830000,0,,,,,,,,,,,,,,,,,,,,,,,,,,,,,,,,,,0,<a refstr=NIELSEN_ET_AL__2019 href=https://ui.adsabs.harvard.edu/abs/2019MNRAS.489.2478N/abstract target=ref>Nielsen et al. 2019</a>,F8,6110.00,101.00,-101.00,0,2.011000,0.188000,-0.089000,0,1.337000,0.083000,-0.083000,0,0.0600,0.0700,-0.0700,0,[Fe/H],3.958000,0.033000,-0.076000,0,<a refstr=STASSUN_ET_AL__2019 href=https://ui.adsabs.harvard.edu/abs/2019AJ....158..138S/abstract target=ref>TICv8</a>,08h29m32.94s,127.3872297,-12d56m41.17s,-12.9447683,627.06600000,14.15900000,-13.55900000,12.1670000,0.0340000,-0.0340000,10.4830000,0.0250000,-0.0250000,11.7206000,0.0002660,-0.0002660,2022-05-03,2022-05,2022-05-03
WASP-169 b,WASP-169,0,1,1,Transit,2019,WASP-South,Published Confirmed,0,<a refstr=KOKORI_ET_AL__2023 href=https://ui.adsabs.harvard.edu/abs/2023ApJS..265....4K/abstract target=ref>Kokori et al. 2023</a>,5.61142060000,0.00000450000,-0.00000450000,0,,,,,,,,,,,,,,,,,,,,,,,,,,,,,,,,,,0,<a refstr=NIELSEN_ET_AL__2019 href=https://ui.adsabs.harvard.edu/abs/2019MNRAS.489.2478N/abstract target=ref>Nielsen et al. 2019</a>,F8,6110.00,101.00,-101.00,0,2.011000,0.188000,-0.089000,0,1.337000,0.083000,-0.083000,0,0.0600,0.0700,-0.0700,0,[Fe/H],3.958000,0.033000,-0.076000,0,<a refstr=STASSUN_ET_AL__2019 href=https://ui.adsabs.harvard.edu/abs/2019AJ....158..138S/abstract target=ref>TICv8</a>,08h29m32.94s,127.3872297,-12d56m41.17s,-12.9447683,627.06600000,14.15900000,-13.55900000,12.1670000,0.0340000,-0.0340000,10.4830000,0.0250000,-0.0250000,11.7206000,0.0002660,-0.0002660,2024-03-04,2023-03,2024-03-04
WASP-171 b,WASP-171,0,1,1,Transit,2019,WASP-South,TESS Project Candidate,0,<a refstr=EXOFOP_TESS_TOI href=https://exofop.ipac.caltech.edu/tess/view_toi.php target=ref>ExoFOP-TESS TOI</a>,3.81862760000,0.00001700000,-0.00001700000,0,,,,,11.37490000,0.65089500,-0.65089500,0,1.01480235,0.05806906,-0.05806906,0,,,,,,,,,,,,,,1200.2400,,,0,1639.00,,,0,0,<a refstr=EXOFOP_TESS_TOI href=https://exofop.ipac.caltech.edu/tess/view_toi.php target=ref>ExoFOP-TESS TOI</a>,,6090.00,126.90,-126.90,0,2.030000,0.100000,-0.100000,0,,,,,,,,,,3.880000,0.080000,-0.080000,0,<a refstr=STASSUN_ET_AL__2019 href=https://ui.adsabs.harvard.edu/abs/2019AJ....158..138S/abstract target=ref>TICv8</a>,11h27m22.81s,171.8450533,-44d05m19.33s,-44.0887035,757.84000000,19.76100000,-18.79800000,12.6120000,0.0800000,-0.0800000,11.1040000,0.0210000,-0.0210000,12.4407000,0.0002010,-0.0002010,2022-08-08,2017-07,2022-08-08
WASP-171 b,WASP-171,0,1,1,Transit,2019,WASP-South,Published Confirmed,0,<a refstr=IVSHINA__AMP__WINN_2022 href=https://ui.adsabs.harvard.edu/abs/2022ApJS..259...62I/abstract target=ref>Ivshina &amp; Winn 2022</a>,3.81862580000,0.00000590000,-0.00000590000,0,,,,,,,,,,,,,,,,,,,,,,,,,,,,,,,,,,0,,,,,,,,,,,,,,,,,,,,,,,,<a refstr=STASSUN_ET_AL__2019 href=https://ui.adsabs.harvard.edu/abs/2019AJ....158..138S/abstract target=ref>TICv8</a>,11h27m22.81s,171.8450533,-44d05m19.33s,-44.0887035,757.84000000,19.76100000,-18.79800000,12.6120000,0.0800000,-0.0800000,11.1040000,0.0210000,-0.0210000,12.4407000,0.0002010,-0.0002010,2022-10-18,2022-04,2022-10-18
WASP-171 b,WASP-171,1,1,1,Transit,2019,WASP-South,Published Confirmed,0,<a refstr=NIELSEN_ET_AL__2019 href=https://ui.adsabs.harvard.edu/abs/2019MNRAS.489.2478N/abstract target=ref>Nielsen et al. 2019</a>,3.81862440000,0.00000380000,-0.00000380000,0,0.0504000000,0.0008300000,-0.0008300000,0,10.98482000,0.78463000,-0.44836000,0,0.98000000,0.07000000,-0.04000000,0,344.52772000,29.87602000,-29.87602000,0,1.08400000,0.09400000,-0.09400000,0,Mass,0.000000,,,0,,,,,1642.00,51.00,-35.00,0,0,<a refstr=NIELSEN_ET_AL__2019 href=https://ui.adsabs.harvard.edu/abs/2019MNRAS.489.2478N/abstract target=ref>Nielsen et al. 2019</a>,G0,5965.00,100.00,-100.00,0,1.637000,0.091000,-0.046000,0,1.171000,0.058000,-0.058000,0,0.0400,0.0700,-0.0700,0,[Fe/H],4.080000,0.020000,-0.049000,0,<a refstr=STASSUN_ET_AL__2019 href=https://ui.adsabs.harvard.edu/abs/2019AJ....158..138S/abstract target=ref>TICv8</a>,11h27m22.81s,171.8450533,-44d05m19.33s,-44.0887035,757.84000000,19.76100000,-18.79800000,12.6120000,0.0800000,-0.0800000,11.1040000,0.0210000,-0.0210000,12.4407000,0.0002010,-0.0002010,2019-09-04,2019-10,2019-09-12
WASP-175 b,WASP-175,1,1,1,Transit,2019,WASP-South,Published Confirmed,0,<a refstr=NIELSEN_ET_AL__2019 href=https://ui.adsabs.harvard.edu/abs/2019MNRAS.489.2478N/abstract target=ref>Nielsen et al. 2019</a>,3.06529070000,0.00000110000,-0.00000160000,0,0.0440300000,0.0005500000,-0.0005500000,0,13.54047200,0.90792900,-0.90792900,0,1.20800000,0.08100000,-0.08100000,0,314.65170000,41.31790000,-41.31790000,0,0.99000000,0.13000000,-0.13000000,0,Mass,0.000000,,,0,,,,,1571.00,49.00,-49.00,0,0,<a refstr=NIELSEN_ET_AL__2019 href=https://ui.adsabs.harvard.edu/abs/2019MNRAS.489.2478N/abstract target=ref>Nielsen et al. 2019</a>,F7,6229.00,100.00,-100.00,0,1.204000,0.064000,-0.064000,0,1.212000,0.045000,-0.045000,0,0.1500,0.0690,-0.0690,0,[Fe/H],4.359000,0.045000,-0.045000,0,<a refstr=STASSUN_ET_AL__2019 href=https://ui.adsabs.harvard.edu/abs/2019AJ....158..138S/abstract target=ref>TICv8</a>,11h05m16.51s,166.3187996,-34d07m21.88s,-34.1227453,539.36000000,11.94200000,-11.44400000,12.9590000,0.1600000,-0.1600000,11.4710000,0.0270000,-0.0270000,12.7065000,0.0002340,-0.0002340,2019-09-04,2019-10,2019-09-12
WASP-175 b,WASP-175,0,1,1,Transit,2019,WASP-South,Published Confirmed,0,<a refstr=KOKORI_ET_AL__2023 href=https://ui.adsabs.harvard.edu/abs/2023ApJS..265....4K/abstract target=ref>Kokori et al. 2023</a>,3.06529495000,0.00000087000,-0.00000087000,0,,,,,,,,,,,,,,,,,,,,,,,,,,,,,,,,,,0,<a refstr=NIELSEN_ET_AL__2019 href=https://ui.adsabs.harvard.edu/abs/2019MNRAS.489.2478N/abstract target=ref>Nielsen et al. 2019</a>,F7,6229.00,100.00,-100.00,0,1.204000,0.064000,-0.064000,0,1.212000,0.045000,-0.045000,0,0.1500,0.0690,-0.0690,0,[Fe/H],4.359000,0.045000,-0.045000,0,<a refstr=STASSUN_ET_AL__2019 href=https://ui.adsabs.harvard.edu/abs/2019AJ....158..138S/abstract target=ref>TICv8</a>,11h05m16.51s,166.3187996,-34d07m21.88s,-34.1227453,539.36000000,11.94200000,-11.44400000,12.9590000,0.1600000,-0.1600000,11.4710000,0.0270000,-0.0270000,12.7065000,0.0002340,-0.0002340,2024-03-04,2023-03,2024-03-04
WASP-175 b,WASP-175,0,1,1,Transit,2019,WASP-South,TESS Project Candidate,0,<a refstr=EXOFOP_TESS_TOI href=https://exofop.ipac.caltech.edu/tess/view_toi.php target=ref>ExoFOP-TESS TOI</a>,3.06529260000,0.00000440000,-0.00000440000,0,,,,,13.35240000,0.70370400,-0.70370400,0,1.19122339,0.06278037,-0.06278037,0,,,,,,,,,,,,,,649.4290,,,0,1406.00,,,0,0,<a refstr=EXOFOP_TESS_TOI href=https://exofop.ipac.caltech.edu/tess/view_toi.php target=ref>ExoFOP-TESS TOI</a>,,6229.00,130.09,-130.09,0,1.220000,0.060000,-0.060000,0,,,,,,,,,,4.341220,0.088153,-0.088153,0,<a refstr=STASSUN_ET_AL__2019 href=https://ui.adsabs.harvard.edu/abs/2019AJ....158..138S/abstract target=ref>TICv8</a>,11h05m16.51s,166.3187996,-34d07m21.88s,-34.1227453,539.36000000,11.94200000,-11.44400000,12.9590000,0.1600000,-0.1600000,11.4710000,0.0270000,-0.0270000,12.7065000,0.0002340,-0.0002340,2022-08-09,2017-07,2022-08-09
WASP-175 b,WASP-175,0,1,1,Transit,2019,WASP-South,Published Confirmed,0,<a refstr=IVSHINA__AMP__WINN_2022 href=https://ui.adsabs.harvard.edu/abs/2022ApJS..259...62I/abstract target=ref>Ivshina &amp; Winn 2022</a>,3.06529610000,0.00000180000,-0.00000180000,0,,,,,,,,,,,,,,,,,,,,,,,,,,,,,,,,,,0,,,,,,,,,,,,,,,,,,,,,,,,<a refstr=STASSUN_ET_AL__2019 href=https://ui.adsabs.harvard.edu/abs/2019AJ....158..138S/abstract target=ref>TICv8</a>,11h05m16.51s,166.3187996,-34d07m21.88s,-34.1227453,539.36000000,11.94200000,-11.44400000,12.9590000,0.1600000,-0.1600000,11.4710000,0.0270000,-0.0270000,12.7065000,0.0002340,-0.0002340,2022-10-18,2022-04,2022-10-18
WASP-177 b,WASP-177,0,1,1,Transit,2019,SuperWASP,Published Confirmed,0,<a refstr=KOKORI_ET_AL__2023 href=https://ui.adsabs.harvard.edu/abs/2023ApJS..265....4K/abstract target=ref>Kokori et al. 2023</a>,3.07172019000,0.00000069000,-0.00000069000,0,,,,,,,,,,,,,,,,,,,,,,,,,,,,,,,,,,0,<a refstr=TURNER_ET_AL__2019 href=https://ui.adsabs.harvard.edu/abs/2019MNRAS.485.5790T/abstract target=ref>Turner et al. 2019</a>,K2,5017.00,70.00,-70.00,0,0.885000,0.046000,-0.046000,0,0.876000,0.038000,-0.038000,0,0.2500,0.0400,-0.0400,0,[Fe/H],4.486000,0.049000,-0.037000,0,<a refstr=STASSUN_ET_AL__2019 href=https://ui.adsabs.harvard.edu/abs/2019AJ....158..138S/abstract target=ref>TICv8</a>,22h19m11.28s,334.7969885,-01d50m03.95s,-1.8344301,176.81800000,2.42800000,-2.36400000,12.3120000,0.0800000,-0.0800000,10.1630000,0.0230000,-0.0230000,12.0715000,0.0008560,-0.0008560,2024-03-04,2023-03,2024-03-04
WASP-177 b,WASP-177,1,1,1,Transit,2019,SuperWASP,Published Confirmed,0,<a refstr=TURNER_ET_AL__2019 href=https://ui.adsabs.harvard.edu/abs/2019MNRAS.485.5790T/abstract target=ref>Turner et al. 2019</a>,3.07172200000,0.00000100000,-0.00000100000,0,0.0395700000,0.0005800000,-0.0005800000,0,17.71022000,7.39794000,-4.03524000,0,1.58000000,0.66000000,-0.36000000,0,161.45764000,12.07754000,-12.07754000,0,0.50800000,0.03800000,-0.03800000,0,Mass,,,,,,,,,1142.00,32.00,-32.00,0,0,<a refstr=TURNER_ET_AL__2019 href=https://ui.adsabs.harvard.edu/abs/2019MNRAS.485.5790T/abstract target=ref>Turner et al. 2019</a>,K2,5017.00,70.00,-70.00,0,0.885000,0.046000,-0.046000,0,0.876000,0.038000,-0.038000,0,0.2500,0.0400,-0.0400,0,[Fe/H],4.486000,0.049000,-0.037000,0,<a refstr=STASSUN_ET_AL__2019 href=https://ui.adsabs.harvard.edu/abs/2019AJ....158..138S/abstract target=ref>TICv8</a>,22h19m11.28s,334.7969885,-01d50m03.95s,-1.8344301,176.81800000,2.42800000,-2.36400000,12.3120000,0.0800000,-0.0800000,10.1630000,0.0230000,-0.0230000,12.0715000,0.0008560,-0.0008560,2019-04-16,2019-06,2019-04-18
WASP-177 b,WASP-177,0,1,1,Transit,2019,SuperWASP,Published Confirmed,0,<a refstr=IVSHINA__AMP__WINN_2022 href=https://ui.adsabs.harvard.edu/abs/2022ApJS..259...62I/abstract target=ref>Ivshina &amp; Winn 2022</a>,3.07172156000,0.00000094000,-0.00000094000,0,,,,,,,,,,,,,,,,,,,,,,,,,,,,,,,,,,0,,,,,,,,,,,,,,,,,,,,,,,,<a refstr=STASSUN_ET_AL__2019 href=https://ui.adsabs.harvard.edu/abs/2019AJ....158..138S/abstract target=ref>TICv8</a>,22h19m11.28s,334.7969885,-01d50m03.95s,-1.8344301,176.81800000,2.42800000,-2.36400000,12.3120000,0.0800000,-0.0800000,10.1630000,0.0230000,-0.0230000,12.0715000,0.0008560,-0.0008560,2022-10-18,2022-04,2022-10-18
WASP-177 b,WASP-177,0,1,1,Transit,2019,SuperWASP,TESS Project Candidate,0,<a refstr=EXOFOP_TESS_TOI href=https://exofop.ipac.caltech.edu/tess/view_toi.php target=ref>ExoFOP-TESS TOI</a>,3.07171816382,0.00000427194,-0.00000427194,0,,,,,12.00549486,0.91318380,-0.91318380,0,1.07106036,0.08146894,-0.08146894,0,,,,,,,,,,,,,,279.7736,,,0,1043.09,,,0,0,<a refstr=EXOFOP_TESS_TOI href=https://exofop.ipac.caltech.edu/tess/view_toi.php target=ref>ExoFOP-TESS TOI</a>,,5082.00,130.02,-130.02,0,0.848394,0.055201,-0.055201,0,,,,,,,,,,4.510800,0.086146,-0.086146,0,<a refstr=STASSUN_ET_AL__2019 href=https://ui.adsabs.harvard.edu/abs/2019AJ....158..138S/abstract target=ref>TICv8</a>,22h19m11.28s,334.7969885,-01d50m03.95s,-1.8344301,176.81800000,2.42800000,-2.36400000,12.3120000,0.0800000,-0.0800000,10.1630000,0.0230000,-0.0230000,12.0715000,0.0008560,-0.0008560,2023-03-28,2017-07,2023-03-28
WASP-178 b,WASP-178,1,1,1,Transit,2019,WASP-South,Published Confirmed,0,<a refstr=HELLIER_ET_AL__2019 href=https://ui.adsabs.harvard.edu/abs/2019MNRAS.490.1479H/abstract target=ref>Hellier et al. 2019</a>,3.34482850000,0.00000120000,-0.00000120000,0,0.0558000000,0.0010000000,-0.0010000000,0,20.28829000,1.00881000,-1.00881000,0,1.81000000,0.09000000,-0.09000000,0,527.59780000,38.13960000,-38.13960000,0,1.66000000,0.12000000,-0.12000000,0,Mass,0.000000,,,0,,,,,2470.00,60.00,-60.00,0,0,<a refstr=HELLIER_ET_AL__2019 href=https://ui.adsabs.harvard.edu/abs/2019MNRAS.490.1479H/abstract target=ref>Hellier et al. 2019</a>,A1 IV-V,9360.00,150.00,-150.00,0,1.670000,0.070000,-0.070000,0,2.070000,0.110000,-0.110000,0,0.2100,0.1600,-0.1600,0,[Fe/H],4.310000,0.040000,-0.040000,0,<a refstr=STASSUN_ET_AL__2019 href=https://ui.adsabs.harvard.edu/abs/2019AJ....158..138S/abstract target=ref>TICv8</a>,15h09m04.88s,227.2703290,-42d42m17.88s,-42.7049658,427.67800000,11.35000000,-10.78600000,9.9460000,0.0050000,-0.0050000,9.7030000,0.0210000,-0.0210000,9.9122600,0.0004260,-0.0004260,2019-10-02,2019-11,2019-10-10
WASP-178 b,WASP-178,0,1,1,Transit,2019,WASP-South,TESS Project Candidate,0,<a refstr=EXOFOP_TESS_TOI href=https://exofop.ipac.caltech.edu/tess/view_toi.php target=ref>ExoFOP-TESS TOI</a>,3.34483120000,0.00000230000,-0.00000230000,0,,,,,21.20120000,0.81552600,-0.81552600,0,1.89144763,0.07275648,-0.07275648,0,,,,,,,,,,,,,,4468.2100,,,0,2277.00,,,0,0,<a refstr=EXOFOP_TESS_TOI href=https://exofop.ipac.caltech.edu/tess/view_toi.php target=ref>ExoFOP-TESS TOI</a>,,9364.00,179.10,-179.10,0,1.760000,0.070000,-0.070000,0,,,,,,,,,,4.320000,0.070000,-0.070000,0,<a refstr=STASSUN_ET_AL__2019 href=https://ui.adsabs.harvard.edu/abs/2019AJ....158..138S/abstract target=ref>TICv8</a>,15h09m04.88s,227.2703290,-42d42m17.88s,-42.7049658,427.67800000,11.35000000,-10.78600000,9.9460000,0.0050000,-0.0050000,9.7030000,0.0210000,-0.0210000,9.9122600,0.0004260,-0.0004260,2025-09-17,2017-07,2022-10-10
WASP-178 b,WASP-178,0,1,1,Transit,2019,WASP-South,Published Confirmed,0,<a refstr=RODR_IACUTE_GUEZ_MART_IACUTE_NEZ_ET_AL__2020 href=https://ui.adsabs.harvard.edu/abs/2020AJ....160..111M/abstract target=ref>Rodr&iacute;guez Mart&iacute;nez et al. 2020</a>,3.34484120000,0.00000330000,-0.00000330000,0,0.0545000000,0.0013000000,-0.0015000000,0,21.74546000,0.67254000,-0.65012200,0,1.94000000,0.06000000,-0.05800000,0,448.14030000,136.66690000,-162.09330000,0,1.41000000,0.43000000,-0.51000000,0,Mass,0.000000,,,0,5550.0000,1250.0000,-630.0000,0,2402.00,130.00,-71.00,0,0,<a refstr=RODR_IACUTE_GUEZ_MART_IACUTE_NEZ_ET_AL__2020 href=https://ui.adsabs.harvard.edu/abs/2020AJ....160..111M/abstract target=ref>Rodr&iacute;guez Mart&iacute;nez et al. 2020</a>,,8640.00,500.00,-240.00,0,1.801000,0.049000,-0.048000,0,1.930000,0.140000,-0.160000,0,-0.0600,0.3000,-0.3400,0,[Fe/H],4.211000,0.030000,-0.033000,0,<a refstr=STASSUN_ET_AL__2019 href=https://ui.adsabs.harvard.edu/abs/2019AJ....158..138S/abstract target=ref>TICv8</a>,15h09m04.88s,227.2703290,-42d42m17.88s,-42.7049658,427.67800000,11.35000000,-10.78600000,9.9460000,0.0050000,-0.0050000,9.7030000,0.0210000,-0.0210000,9.9122600,0.0004260,-0.0004260,2020-11-13,2020-09,2020-11-19
WASP-178 b,WASP-178,0,1,1,Transit,2019,WASP-South,Published Confirmed,0,<a refstr=IVSHINA__AMP__WINN_2022 href=https://ui.adsabs.harvard.edu/abs/2022ApJS..259...62I/abstract target=ref>Ivshina &amp; Winn 2022</a>,3.34483690000,0.00000620000,-0.00000620000,0,,,,,,,,,,,,,,,,,,,,,,,,,,,,,,,,,,0,,,,,,,,,,,,,,,,,,,,,,,,<a refstr=STASSUN_ET_AL__2019 href=https://ui.adsabs.harvard.edu/abs/2019AJ....158..138S/abstract target=ref>TICv8</a>,15h09m04.88s,227.2703290,-42d42m17.88s,-42.7049658,427.67800000,11.35000000,-10.78600000,9.9460000,0.0050000,-0.0050000,9.7030000,0.0210000,-0.0210000,9.9122600,0.0004260,-0.0004260,2022-10-18,2022-04,2022-10-18
WASP-18 c,WASP-18,1,2,2,Transit Timing Variations,2019,Transiting Exoplanet Survey Satellite (TESS),Published Confirmed,1,<a refstr=PEARSON_2019 href=https://ui.adsabs.harvard.edu/abs/2019AJ....158..243P/abstract target=ref>Pearson 2019</a>,2.15580000000,0.00640000000,-0.00640000000,0,0.0350000000,,,0,,,,,,,,,55.20000000,12.30000000,-12.30000000,0,0.17367775,0.03869993,-0.03869993,0,Mass,0.015000,,,1,,,,,,,,,0,<a refstr=PEARSON_2019 href=https://ui.adsabs.harvard.edu/abs/2019AJ....158..243P/abstract target=ref>Pearson 2019</a>,,6400.00,,,0,1.230000,,,0,1.220000,,,0,,,,,,,,,,<a refstr=STASSUN_ET_AL__2019 href=https://ui.adsabs.harvard.edu/abs/2019AJ....158..138S/abstract target=ref>TICv8</a>,01h37m25.07s,24.3544618,-45d40m40.06s,-45.6777937,123.48300000,0.37100000,-0.36900000,9.2800000,0.0300000,-0.0300000,8.1310000,0.0270000,-0.0270000,9.1661700,0.0002360,-0.0002360,2019-12-02,2019-12,2019-12-05
WASP-180 A b,WASP-180 A,0,2,1,Transit,2019,SuperWASP,Published Confirmed,0,<a refstr=KOKORI_ET_AL__2023 href=https://ui.adsabs.harvard.edu/abs/2023ApJS..265....4K/abstract target=ref>Kokori et al. 2023</a>,3.40926460000,0.00000025000,-0.00000025000,0,,,,,,,,,,,,,,,,,,,,,,,,,,,,,,,,,,0,<a refstr=TEMPLE_ET_AL__2019 href=https://ui.adsabs.harvard.edu/abs/2019MNRAS.490.2467T/abstract target=ref>Temple et al. 2019</a>,F7 V,6600.00,200.00,-200.00,0,1.190000,0.060000,-0.060000,0,1.300000,0.100000,-0.100000,0,0.1000,0.2000,-0.2000,0,[Fe/H],4.420000,0.010000,-0.010000,0,<a refstr=STASSUN_ET_AL__2019 href=https://ui.adsabs.harvard.edu/abs/2019AJ....158..138S/abstract target=ref>TICv8</a>,08h13m34.14s,123.3922465,-01d58m58.03s,-1.9827874,253.98500000,3.40400000,-3.31600000,10.6550000,0.0090000,-0.0090000,9.8120000,0.0520000,-0.0520000,10.9134000,0.0006510,-0.0006510,2024-03-04,2023-03,2024-03-04
WASP-180 A b,WASP-180 A,0,2,1,Transit,2019,SuperWASP,Published Confirmed,0,<a refstr=IVSHINA__AMP__WINN_2022 href=https://ui.adsabs.harvard.edu/abs/2022ApJS..259...62I/abstract target=ref>Ivshina &amp; Winn 2022</a>,3.40926463000,0.00000072000,-0.00000072000,0,,,,,,,,,,,,,,,,,,,,,,,,,,,,,,,,,,0,,,,,,,,,,,,,,,,,,,,,,,,<a refstr=STASSUN_ET_AL__2019 href=https://ui.adsabs.harvard.edu/abs/2019AJ....158..138S/abstract target=ref>TICv8</a>,08h13m34.14s,123.3922465,-01d58m58.03s,-1.9827874,253.98500000,3.40400000,-3.31600000,10.6550000,0.0090000,-0.0090000,9.8120000,0.0520000,-0.0520000,10.9134000,0.0006510,-0.0006510,2022-10-18,2022-04,2022-10-18
WASP-180 A b,WASP-180 A,1,2,1,Transit,2019,SuperWASP,Published Confirmed,0,<a refstr=TEMPLE_ET_AL__2019 href=https://ui.adsabs.harvard.edu/abs/2019MNRAS.490.2467T/abstract target=ref>Temple et al. 2019</a>,3.40926400000,0.00000100000,-0.00000100000,0,0.0480000000,0.0010000000,-0.0010000000,0,13.89916000,0.44836000,-0.44836000,0,1.24000000,0.04000000,-0.04000000,0,286.04700000,31.78300000,-31.78300000,0,0.90000000,0.10000000,-0.10000000,0,Mass,0.000000,,,0,,,,,1540.00,40.00,-40.00,0,0,<a refstr=TEMPLE_ET_AL__2019 href=https://ui.adsabs.harvard.edu/abs/2019MNRAS.490.2467T/abstract target=ref>Temple et al. 2019</a>,F7 V,6600.00,200.00,-200.00,0,1.190000,0.060000,-0.060000,0,1.300000,0.100000,-0.100000,0,0.1000,0.2000,-0.2000,0,[Fe/H],4.420000,0.010000,-0.010000,0,<a refstr=STASSUN_ET_AL__2019 href=https://ui.adsabs.harvard.edu/abs/2019AJ....158..138S/abstract target=ref>TICv8</a>,08h13m34.14s,123.3922465,-01d58m58.03s,-1.9827874,253.98500000,3.40400000,-3.31600000,10.6550000,0.0090000,-0.0090000,9.8120000,0.0520000,-0.0520000,10.9134000,0.0006510,-0.0006510,2019-09-20,2019-12,2019-09-26
WASP-180 A b,WASP-180 A,0,2,1,Transit,2019,SuperWASP,TESS Project Candidate,0,<a refstr=EXOFOP_TESS_TOI href=https://exofop.ipac.caltech.edu/tess/view_toi.php target=ref>ExoFOP-TESS TOI</a>,3.40915679219,0.00008965943,-0.00008965943,0,,,,,15.91629987,0.73173845,-0.73173845,0,1.41995961,0.06528144,-0.06528144,0,,,,,,,,,,,,,,918.3877,,,0,1404.03,,,0,0,<a refstr=EXOFOP_TESS_TOI href=https://exofop.ipac.caltech.edu/tess/view_toi.php target=ref>ExoFOP-TESS TOI</a>,,6316.00,120.30,-120.30,0,1.210690,0.054834,-0.054834,0,,,,,,,,,,4.370000,0.080000,-0.080000,0,<a refstr=STASSUN_ET_AL__2019 href=https://ui.adsabs.harvard.edu/abs/2019AJ....158..138S/abstract target=ref>TICv8</a>,08h13m34.14s,123.3922465,-01d58m58.03s,-1.9827874,253.98500000,3.40400000,-3.31600000,10.6550000,0.0090000,-0.0090000,9.8120000,0.0520000,-0.0520000,10.9134000,0.0006510,-0.0006510,2023-08-22,2017-07,2023-08-22
WASP-181 b,WASP-181,0,1,1,Transit,2019,SuperWASP,TESS Project Candidate,0,<a refstr=EXOFOP_TESS_TOI href=https://exofop.ipac.caltech.edu/tess/view_toi.php target=ref>ExoFOP-TESS TOI</a>,4.51950894862,0.00000410822,-0.00000410822,0,,,,,14.30491762,0.70206517,-0.70206517,0,1.27620147,0.06263417,-0.06263417,0,,,,,,,,,,,,,,382.4492,,,0,1127.88,,,0,0,<a refstr=EXOFOP_TESS_TOI href=https://exofop.ipac.caltech.edu/tess/view_toi.php target=ref>ExoFOP-TESS TOI</a>,,5887.00,126.91,-126.91,0,1.032100,0.049553,-0.049553,0,,,,,,,,,,4.440010,0.078817,-0.078817,0,<a refstr=STASSUN_ET_AL__2019 href=https://ui.adsabs.harvard.edu/abs/2019AJ....158..138S/abstract target=ref>TICv8</a>,01h47m10.37s,26.7932253,+03d07m58.56s,3.1329325,437.49500000,7.96400000,-7.68900000,12.9240000,0.0920000,-0.0920000,11.4430000,0.0230000,-0.0230000,12.7830000,0.0003390,-0.0003390,2024-12-10,2017-07,2024-12-10
WASP-181 b,WASP-181,1,1,1,Transit,2019,SuperWASP,Published Confirmed,0,<a refstr=TURNER_ET_AL__2019 href=https://ui.adsabs.harvard.edu/abs/2019MNRAS.485.5790T/abstract target=ref>Turner et al. 2019</a>,4.51950640000,0.00000340000,-0.00000340000,0,0.0542700000,0.0006900000,-0.0006900000,0,13.27145600,0.79583900,-0.66133100,0,1.18400000,0.07100000,-0.05900000,0,95.03117000,10.80622000,-10.80622000,0,0.29900000,0.03400000,-0.03400000,0,Mass,,,,,,,,,1186.00,32.00,-26.00,0,0,<a refstr=TURNER_ET_AL__2019 href=https://ui.adsabs.harvard.edu/abs/2019MNRAS.485.5790T/abstract target=ref>Turner et al. 2019</a>,G2,5839.00,70.00,-70.00,0,0.965000,0.043000,-0.043000,0,1.040000,0.040000,-0.040000,0,0.0900,0.0400,-0.0400,0,[Fe/H],4.487000,0.039000,-0.039000,0,<a refstr=STASSUN_ET_AL__2019 href=https://ui.adsabs.harvard.edu/abs/2019AJ....158..138S/abstract target=ref>TICv8</a>,01h47m10.37s,26.7932253,+03d07m58.56s,3.1329325,437.49500000,7.96400000,-7.68900000,12.9240000,0.0920000,-0.0920000,11.4430000,0.0230000,-0.0230000,12.7830000,0.0003390,-0.0003390,2019-04-16,2019-06,2019-04-18
WASP-181 b,WASP-181,0,1,1,Transit,2019,SuperWASP,Published Confirmed,0,<a refstr=IVSHINA__AMP__WINN_2022 href=https://ui.adsabs.harvard.edu/abs/2022ApJS..259...62I/abstract target=ref>Ivshina &amp; Winn 2022</a>,4.51950850000,0.00000130000,-0.00000130000,0,,,,,,,,,,,,,,,,,,,,,,,,,,,,,,,,,,0,,,,,,,,,,,,,,,,,,,,,,,,<a refstr=STASSUN_ET_AL__2019 href=https://ui.adsabs.harvard.edu/abs/2019AJ....158..138S/abstract target=ref>TICv8</a>,01h47m10.37s,26.7932253,+03d07m58.56s,3.1329325,437.49500000,7.96400000,-7.68900000,12.9240000,0.0920000,-0.0920000,11.4430000,0.0230000,-0.0230000,12.7830000,0.0003390,-0.0003390,2022-10-18,2022-04,2022-10-18
WASP-181 b,WASP-181,0,1,1,Transit,2019,SuperWASP,Published Confirmed,0,<a refstr=KOKORI_ET_AL__2023 href=https://ui.adsabs.harvard.edu/abs/2023ApJS..265....4K/abstract target=ref>Kokori et al. 2023</a>,4.51949982000,0.00000060000,-0.00000060000,0,,,,,,,,,,,,,,,,,,,,,,,,,,,,,,,,,,0,<a refstr=TURNER_ET_AL__2019 href=https://ui.adsabs.harvard.edu/abs/2019MNRAS.485.5790T/abstract target=ref>Turner et al. 2019</a>,G2,5839.00,70.00,-70.00,0,0.965000,0.043000,-0.043000,0,1.040000,0.040000,-0.040000,0,0.0900,0.0400,-0.0400,0,[Fe/H],4.487000,0.039000,-0.039000,0,<a refstr=STASSUN_ET_AL__2019 href=https://ui.adsabs.harvard.edu/abs/2019AJ....158..138S/abstract target=ref>TICv8</a>,01h47m10.37s,26.7932253,+03d07m58.56s,3.1329325,437.49500000,7.96400000,-7.68900000,12.9240000,0.0920000,-0.0920000,11.4430000,0.0230000,-0.0230000,12.7830000,0.0003390,-0.0003390,2024-03-04,2023-03,2024-03-04
WASP-182 b,WASP-182,0,1,1,Transit,2019,WASP-South,TESS Project Candidate,0,<a refstr=EXOFOP_TESS_TOI href=https://exofop.ipac.caltech.edu/tess/view_toi.php target=ref>ExoFOP-TESS TOI</a>,3.37711137153,0.00032571607,-0.00032571607,0,,,,,8.61101065,1.03505020,-1.03505020,0,0.76822424,0.09234115,-0.09234115,0,,,,,,,,,,,,,,756.2610,,,0,1337.48,,,0,0,<a refstr=EXOFOP_TESS_TOI href=https://exofop.ipac.caltech.edu/tess/view_toi.php target=ref>ExoFOP-TESS TOI</a>,,5614.86,109.56,-109.56,0,1.280170,0.063618,-0.063618,0,,,,,,,,,,4.219170,0.076733,-0.076733,0,<a refstr=STASSUN_ET_AL__2019 href=https://ui.adsabs.harvard.edu/abs/2019AJ....158..138S/abstract target=ref>TICv8</a>,20h46m41.60s,311.6733450,-41d49m15.54s,-41.8209828,327.60200000,4.59800000,-4.47400000,11.9800000,0.0370000,-0.0370000,10.4310000,0.0190000,-0.0190000,11.9170000,0.0002430,-0.0002430,2022-08-09,2017-07,2022-08-09
WASP-182 b,WASP-182,1,1,1,Transit,2019,WASP-South,Published Confirmed,0,<a refstr=NIELSEN_ET_AL__2019 href=https://ui.adsabs.harvard.edu/abs/2019MNRAS.489.2478N/abstract target=ref>Nielsen et al. 2019</a>,3.37698480000,0.00000240000,-0.00000240000,0,0.0451000000,0.0009000000,-0.0009000000,0,9.52765000,0.33627000,-0.33627000,0,0.85000000,0.03000000,-0.03000000,0,47.03884000,3.49613000,-3.49613000,0,0.14800000,0.01100000,-0.01100000,0,Mass,0.000000,,,0,,,,,1479.00,34.00,-34.00,0,0,<a refstr=NIELSEN_ET_AL__2019 href=https://ui.adsabs.harvard.edu/abs/2019MNRAS.489.2478N/abstract target=ref>Nielsen et al. 2019</a>,G5,5638.00,100.00,-100.00,0,1.340000,0.030000,-0.030000,0,1.076000,0.064000,-0.064000,0,0.2700,0.1100,-0.1100,0,[Fe/H],4.218000,0.033000,-0.033000,0,<a refstr=STASSUN_ET_AL__2019 href=https://ui.adsabs.harvard.edu/abs/2019AJ....158..138S/abstract target=ref>TICv8</a>,20h46m41.60s,311.6733450,-41d49m15.54s,-41.8209828,327.60200000,4.59800000,-4.47400000,11.9800000,0.0370000,-0.0370000,10.4310000,0.0190000,-0.0190000,11.9170000,0.0002430,-0.0002430,2019-09-04,2019-10,2019-09-12
WASP-182 b,WASP-182,0,1,1,Transit,2019,WASP-South,Published Confirmed,0,<a refstr=IVSHINA__AMP__WINN_2022 href=https://ui.adsabs.harvard.edu/abs/2022ApJS..259...62I/abstract target=ref>Ivshina &amp; Winn 2022</a>,3.37698950000,0.00000710000,-0.00000710000,0,,,,,,,,,,,,,,,,,,,,,,,,,,,,,,,,,,0,,,,,,,,,,,,,,,,,,,,,,,,<a refstr=STASSUN_ET_AL__2019 href=https://ui.adsabs.harvard.edu/abs/2019AJ....158..138S/abstract target=ref>TICv8</a>,20h46m41.60s,311.6733450,-41d49m15.54s,-41.8209828,327.60200000,4.59800000,-4.47400000,11.9800000,0.0370000,-0.0370000,10.4310000,0.0190000,-0.0190000,11.9170000,0.0002430,-0.0002430,2022-10-18,2022-04,2022-10-18
WASP-182 b,WASP-182,0,1,1,Transit,2019,WASP-South,Published Confirmed,0,<a refstr=PATEL__AMP__ESPINOZA_2022 href=https://ui.adsabs.harvard.edu/abs/2022AJ....163..228P/abstract target=ref>Patel &amp; Espinoza 2022</a>,3.37698480000,0.00000220000,-0.00000220000,0,,,,,,,,,,,,,,,,,,,,,,,,,,,,,,,,,,0,<a refstr=NIELSEN_ET_AL__2019 href=https://ui.adsabs.harvard.edu/abs/2019MNRAS.489.2478N/abstract target=ref>Nielsen et al. 2019</a>,G5,5638.00,100.00,-100.00,0,1.340000,0.030000,-0.030000,0,1.076000,0.064000,-0.064000,0,0.2700,0.1100,-0.1100,0,[Fe/H],4.218000,0.033000,-0.033000,0,<a refstr=STASSUN_ET_AL__2019 href=https://ui.adsabs.harvard.edu/abs/2019AJ....158..138S/abstract target=ref>TICv8</a>,20h46m41.60s,311.6733450,-41d49m15.54s,-41.8209828,327.60200000,4.59800000,-4.47400000,11.9800000,0.0370000,-0.0370000,10.4310000,0.0190000,-0.0190000,11.9170000,0.0002430,-0.0002430,2022-05-03,2022-05,2022-05-03
WASP-183 b,WASP-183,1,1,1,Transit,2019,SuperWASP,Published Confirmed,0,<a refstr=TURNER_ET_AL__2019 href=https://ui.adsabs.harvard.edu/abs/2019MNRAS.485.5790T/abstract target=ref>Turner et al. 2019</a>,4.11177710000,0.00000510000,-0.00000510000,0,0.0463200000,0.0007500000,-0.0007500000,0,16.47723000,10.53646000,-3.69897000,0,1.47000000,0.94000000,-0.33000000,0,159.55066000,14.93801000,-14.93801000,0,0.50200000,0.04700000,-0.04700000,0,Mass,,,,,,,,,1111.00,30.00,-30.00,0,0,<a refstr=TURNER_ET_AL__2019 href=https://ui.adsabs.harvard.edu/abs/2019MNRAS.485.5790T/abstract target=ref>Turner et al. 2019</a>,G9,5313.00,72.00,-72.00,0,0.871000,0.038000,-0.038000,0,0.784000,0.038000,-0.038000,0,-0.3100,0.0400,-0.0400,0,[Fe/H],4.452000,0.043000,-0.043000,0,<a refstr=STASSUN_ET_AL__2019 href=https://ui.adsabs.harvard.edu/abs/2019AJ....158..138S/abstract target=ref>TICv8</a>,10h55m09.32s,163.7888521,-00d44m13.44s,-0.7370663,325.37700000,3.97900000,-3.88500000,13.0810000,0.1030000,-0.1030000,11.2070000,0.0210000,-0.0210000,12.8148000,0.0003000,-0.0003000,2019-04-16,2019-06,2019-04-18
WASP-183 b,WASP-183,0,1,1,Transit,2019,SuperWASP,Published Confirmed,0,<a refstr=KOKORI_ET_AL__2023 href=https://ui.adsabs.harvard.edu/abs/2023ApJS..265....4K/abstract target=ref>Kokori et al. 2023</a>,4.11176340000,0.00000510000,-0.00000510000,0,,,,,,,,,,,,,,,,,,,,,,,,,,,,,,,,,,0,<a refstr=TURNER_ET_AL__2019 href=https://ui.adsabs.harvard.edu/abs/2019MNRAS.485.5790T/abstract target=ref>Turner et al. 2019</a>,G9,5313.00,72.00,-72.00,0,0.871000,0.038000,-0.038000,0,0.784000,0.038000,-0.038000,0,-0.3100,0.0400,-0.0400,0,[Fe/H],4.452000,0.043000,-0.043000,0,<a refstr=STASSUN_ET_AL__2019 href=https://ui.adsabs.harvard.edu/abs/2019AJ....158..138S/abstract target=ref>TICv8</a>,10h55m09.32s,163.7888521,-00d44m13.44s,-0.7370663,325.37700000,3.97900000,-3.88500000,13.0810000,0.1030000,-0.1030000,11.2070000,0.0210000,-0.0210000,12.8148000,0.0003000,-0.0003000,2024-03-04,2023-03,2024-03-04
WASP-183 b,WASP-183,0,1,1,Transit,2019,SuperWASP,Published Confirmed,0,<a refstr=IVSHINA__AMP__WINN_2022 href=https://ui.adsabs.harvard.edu/abs/2022ApJS..259...62I/abstract target=ref>Ivshina &amp; Winn 2022</a>,4.11176480000,0.00000680000,-0.00000680000,0,,,,,,,,,,,,,,,,,,,,,,,,,,,,,,,,,,0,,,,,,,,,,,,,,,,,,,,,,,,<a refstr=STASSUN_ET_AL__2019 href=https://ui.adsabs.harvard.edu/abs/2019AJ....158..138S/abstract target=ref>TICv8</a>,10h55m09.32s,163.7888521,-00d44m13.44s,-0.7370663,325.37700000,3.97900000,-3.88500000,13.0810000,0.1030000,-0.1030000,11.2070000,0.0210000,-0.0210000,12.8148000,0.0003000,-0.0003000,2022-10-18,2022-04,2022-10-18
WASP-183 b,WASP-183,0,1,1,Transit,2019,SuperWASP,TESS Project Candidate,0,<a refstr=EXOFOP_TESS_TOI href=https://exofop.ipac.caltech.edu/tess/view_toi.php target=ref>ExoFOP-TESS TOI</a>,4.11177308956,0.00000285613,-0.00000285613,0,,,,,15.41128052,0.74906350,-0.74906350,0,1.37490472,0.06682708,-0.06682708,0,,,,,,,,,,,,,,268.7176,,,0,1032.63,,,0,0,<a refstr=EXOFOP_TESS_TOI href=https://exofop.ipac.caltech.edu/tess/view_toi.php target=ref>ExoFOP-TESS TOI</a>,,5424.80,104.80,-104.80,0,0.916164,0.043417,-0.043417,0,,,,,,,,,,4.490000,0.070000,-0.070000,0,<a refstr=STASSUN_ET_AL__2019 href=https://ui.adsabs.harvard.edu/abs/2019AJ....158..138S/abstract target=ref>TICv8</a>,10h55m09.32s,163.7888521,-00d44m13.44s,-0.7370663,325.37700000,3.97900000,-3.88500000,13.0810000,0.1030000,-0.1030000,11.2070000,0.0210000,-0.0210000,12.8148000,0.0003000,-0.0003000,2024-12-10,2017-07,2024-12-10
WASP-184 b,WASP-184,0,1,1,Transit,2019,WASP-South,TESS Project Candidate,0,<a refstr=EXOFOP_TESS_TOI href=https://exofop.ipac.caltech.edu/tess/view_toi.php target=ref>ExoFOP-TESS TOI</a>,5.17958000000,0.00122000000,-0.00122000000,0,,,,,14.82900000,0.81908300,-0.81908300,0,1.32295705,0.07307382,-0.07307382,0,,,,,,,,,,,,,,669.0180,,,0,1416.00,,,0,0,<a refstr=EXOFOP_TESS_TOI href=https://exofop.ipac.caltech.edu/tess/view_toi.php target=ref>ExoFOP-TESS TOI</a>,,6116.00,124.80,-124.80,0,1.650000,0.090000,-0.090000,0,,,,,,,,,,4.070000,0.080000,-0.080000,0,<a refstr=STASSUN_ET_AL__2019 href=https://ui.adsabs.harvard.edu/abs/2019AJ....158..138S/abstract target=ref>TICv8</a>,13h58m04.08s,209.5170100,-30d20m53.35s,-30.3481530,663.23100000,16.96500000,-16.15200000,12.7710000,0.0800000,-0.0800000,11.2620000,0.0250000,-0.0250000,12.5673000,0.0002200,-0.0002200,2022-08-08,2017-07,2022-08-08
WASP-184 b,WASP-184,0,1,1,Transit,2019,WASP-South,Published Confirmed,0,<a refstr=IVSHINA__AMP__WINN_2022 href=https://ui.adsabs.harvard.edu/abs/2022ApJS..259...62I/abstract target=ref>Ivshina &amp; Winn 2022</a>,5.18172900000,0.00001400000,-0.00001400000,0,,,,,,,,,,,,,,,,,,,,,,,,,,,,,,,,,,0,,,,,,,,,,,,,,,,,,,,,,,,<a refstr=STASSUN_ET_AL__2019 href=https://ui.adsabs.harvard.edu/abs/2019AJ....158..138S/abstract target=ref>TICv8</a>,13h58m04.08s,209.5170100,-30d20m53.35s,-30.3481530,663.23100000,16.96500000,-16.15200000,12.7710000,0.0800000,-0.0800000,11.2620000,0.0250000,-0.0250000,12.5673000,0.0002200,-0.0002200,2022-10-18,2022-04,2022-10-18
WASP-184 b,WASP-184,1,1,1,Transit,2019,WASP-South,Published Confirmed,0,<a refstr=HELLIER_ET_AL__2019 href=https://ui.adsabs.harvard.edu/abs/2019MNRAS.490.1479H/abstract target=ref>Hellier et al. 2019</a>,5.18170000000,0.00001000000,-0.00001000000,0,0.0627000000,0.0012000000,-0.0012000000,0,14.90797000,1.00881000,-1.00881000,0,1.33000000,0.09000000,-0.09000000,0,181.16310000,31.78300000,-31.78300000,0,0.57000000,0.10000000,-0.10000000,0,Mass,0.000000,,,0,,,,,1480.00,50.00,-50.00,0,0,<a refstr=HELLIER_ET_AL__2019 href=https://ui.adsabs.harvard.edu/abs/2019MNRAS.490.1479H/abstract target=ref>Hellier et al. 2019</a>,G0 V,6000.00,100.00,-100.00,0,1.650000,0.090000,-0.090000,0,1.230000,0.070000,-0.070000,0,0.1200,0.0800,-0.0800,0,[Fe/H],4.090000,0.050000,-0.050000,0,<a refstr=STASSUN_ET_AL__2019 href=https://ui.adsabs.harvard.edu/abs/2019AJ....158..138S/abstract target=ref>TICv8</a>,13h58m04.08s,209.5170100,-30d20m53.35s,-30.3481530,663.23100000,16.96500000,-16.15200000,12.7710000,0.0800000,-0.0800000,11.2620000,0.0250000,-0.0250000,12.5673000,0.0002200,-0.0002200,2019-10-02,2019-11,2019-10-10
WASP-185 b,WASP-185,0,1,1,Transit,2019,WASP-South,TESS Project Candidate,0,<a refstr=EXOFOP_TESS_TOI href=https://exofop.ipac.caltech.edu/tess/view_toi.php target=ref>ExoFOP-TESS TOI</a>,9.39113260201,0.00053059860,-0.00053059860,0,,,,,14.47922158,0.74247030,-0.74247030,0,1.29175185,0.06623888,-0.06623888,0,,,,,,,,,,,,,,662.3252,,,0,1293.86,,,0,0,<a refstr=EXOFOP_TESS_TOI href=https://exofop.ipac.caltech.edu/tess/view_toi.php target=ref>ExoFOP-TESS TOI</a>,,5708.00,109.60,-109.60,0,1.766930,0.083065,-0.083065,0,,,,,,,,,,3.952230,0.072755,-0.072755,0,<a refstr=STASSUN_ET_AL__2019 href=https://ui.adsabs.harvard.edu/abs/2019AJ....158..138S/abstract target=ref>TICv8</a>,14h16m14.30s,214.0595791,-19d32m32.30s,-19.5423062,279.35000000,3.43900000,-3.35800000,11.1010000,0.0120000,-0.0120000,9.5050000,0.0190000,-0.0190000,10.8949000,0.0003690,-0.0003690,2025-09-17,2017-07,2025-08-28
WASP-185 b,WASP-185,1,1,1,Transit,2019,WASP-South,Published Confirmed,0,<a refstr=HELLIER_ET_AL__2019 href=https://ui.adsabs.harvard.edu/abs/2019MNRAS.490.1479H/abstract target=ref>Hellier et al. 2019</a>,9.38755000000,0.00002000000,-0.00002000000,0,0.0904000000,0.0017000000,-0.0017000000,0,14.01125000,0.89672000,-0.89672000,0,1.25000000,0.08000000,-0.08000000,0,311.47340000,19.06980000,-19.06980000,0,0.98000000,0.06000000,-0.06000000,0,Mass,0.240000,0.040000,-0.040000,0,,,,,1160.00,35.00,-35.00,0,0,<a refstr=HELLIER_ET_AL__2019 href=https://ui.adsabs.harvard.edu/abs/2019MNRAS.490.1479H/abstract target=ref>Hellier et al. 2019</a>,G0 V,5900.00,100.00,-100.00,0,1.500000,0.080000,-0.080000,0,1.120000,0.060000,-0.060000,0,-0.0200,0.0600,-0.0600,0,[Fe/H],4.130000,0.050000,-0.050000,0,<a refstr=STASSUN_ET_AL__2019 href=https://ui.adsabs.harvard.edu/abs/2019AJ....158..138S/abstract target=ref>TICv8</a>,14h16m14.30s,214.0595791,-19d32m32.30s,-19.5423062,279.35000000,3.43900000,-3.35800000,11.1010000,0.0120000,-0.0120000,9.5050000,0.0190000,-0.0190000,10.8949000,0.0003690,-0.0003690,2019-10-02,2019-11,2019-10-10
WASP-190 b,WASP-190,0,1,1,Transit,2019,WASP-South,Published Confirmed,0,<a refstr=PATEL__AMP__ESPINOZA_2022 href=https://ui.adsabs.harvard.edu/abs/2022AJ....163..228P/abstract target=ref>Patel &amp; Espinoza 2022</a>,5.36775300000,0.00000340000,-0.00000340000,0,,,,,,,,,,,,,,,,,,,,,,,,,,,,,,,,,,0,<a refstr=TEMPLE_ET_AL__2019 href=https://ui.adsabs.harvard.edu/abs/2019AJ....157..141T/abstract target=ref>Temple et al. 2019</a>,F6 IV-V,6400.00,100.00,-100.00,0,1.600000,0.100000,-0.100000,0,1.350000,0.050000,-0.050000,0,-0.0200,0.0500,-0.0500,0,[Fe/H],4.170000,0.040000,-0.040000,0,<a refstr=STASSUN_ET_AL__2019 href=https://ui.adsabs.harvard.edu/abs/2019AJ....158..138S/abstract target=ref>TICv8</a>,00h30m50.29s,7.7095292,-40d34m24.46s,-40.5734613,542.25100000,10.13100000,-9.77300000,11.6450000,0.0140000,-0.0140000,10.6500000,0.0240000,-0.0240000,11.6333000,0.0004890,-0.0004890,2022-05-03,2022-05,2022-05-03
WASP-190 b,WASP-190,0,1,1,Transit,2019,WASP-South,Published Confirmed,0,<a refstr=IVSHINA__AMP__WINN_2022 href=https://ui.adsabs.harvard.edu/abs/2022ApJS..259...62I/abstract target=ref>Ivshina &amp; Winn 2022</a>,5.36776720000,0.00000430000,-0.00000430000,0,,,,,,,,,,,,,,,,,,,,,,,,,,,,,,,,,,0,,,,,,,,,,,,,,,,,,,,,,,,<a refstr=STASSUN_ET_AL__2019 href=https://ui.adsabs.harvard.edu/abs/2019AJ....158..138S/abstract target=ref>TICv8</a>,00h30m50.29s,7.7095292,-40d34m24.46s,-40.5734613,542.25100000,10.13100000,-9.77300000,11.6450000,0.0140000,-0.0140000,10.6500000,0.0240000,-0.0240000,11.6333000,0.0004890,-0.0004890,2022-10-18,2022-04,2022-10-18
WASP-190 b,WASP-190,1,1,1,Transit,2019,WASP-South,Published Confirmed,0,<a refstr=TEMPLE_ET_AL__2019 href=https://ui.adsabs.harvard.edu/abs/2019AJ....157..141T/abstract target=ref>Temple et al. 2019</a>,5.36775300000,0.00000400000,-0.00000400000,0,0.0663000000,0.0008000000,-0.0008000000,0,12.89035000,1.00881000,-1.00881000,0,1.15000000,0.09000000,-0.09000000,0,317.83000000,31.78300000,-31.78300000,0,1.00000000,0.10000000,-0.10000000,0,Mass,0.000000,,,0,,,,,1500.00,50.00,-50.00,0,0,<a refstr=TEMPLE_ET_AL__2019 href=https://ui.adsabs.harvard.edu/abs/2019AJ....157..141T/abstract target=ref>Temple et al. 2019</a>,F6 IV-V,6400.00,100.00,-100.00,0,1.600000,0.100000,-0.100000,0,1.350000,0.050000,-0.050000,0,-0.0200,0.0500,-0.0500,0,[Fe/H],4.170000,0.040000,-0.040000,0,<a refstr=STASSUN_ET_AL__2019 href=https://ui.adsabs.harvard.edu/abs/2019AJ....158..138S/abstract target=ref>TICv8</a>,00h30m50.29s,7.7095292,-40d34m24.46s,-40.5734613,542.25100000,10.13100000,-9.77300000,11.6450000,0.0140000,-0.0140000,10.6500000,0.0240000,-0.0240000,11.6333000,0.0004890,-0.0004890,2019-03-01,2019-04,2019-03-05
WASP-190 b,WASP-190,0,1,1,Transit,2019,WASP-South,TESS Project Candidate,0,<a refstr=EXOFOP_TESS_TOI href=https://exofop.ipac.caltech.edu/tess/view_toi.php target=ref>ExoFOP-TESS TOI</a>,5.36777000000,0.00001000000,-0.00001000000,0,,,,,14.26070000,0.69560600,-0.69560600,0,1.27225663,0.06205792,-0.06205792,0,,,,,,,,,,,,,,747.1320,,,0,1456.00,,,0,0,<a refstr=EXOFOP_TESS_TOI href=https://exofop.ipac.caltech.edu/tess/view_toi.php target=ref>ExoFOP-TESS TOI</a>,,6561.00,138.00,-138.00,0,1.720000,0.080000,-0.080000,0,,,,,,,,,,4.100000,0.090000,-0.090000,0,<a refstr=STASSUN_ET_AL__2019 href=https://ui.adsabs.harvard.edu/abs/2019AJ....158..138S/abstract target=ref>TICv8</a>,00h30m50.29s,7.7095292,-40d34m24.46s,-40.5734613,542.25100000,10.13100000,-9.77300000,11.6450000,0.0140000,-0.0140000,10.6500000,0.0240000,-0.0240000,11.6333000,0.0004890,-0.0004890,2022-11-01,2017-07,2022-11-01
WASP-190 b,WASP-190,0,1,1,Transit,2019,WASP-South,Published Confirmed,0,<a refstr=KOKORI_ET_AL__2023 href=https://ui.adsabs.harvard.edu/abs/2023ApJS..265....4K/abstract target=ref>Kokori et al. 2023</a>,5.36776750000,0.00000250000,-0.00000250000,0,,,,,,,,,,,,,,,,,,,,,,,,,,,,,,,,,,0,<a refstr=TEMPLE_ET_AL__2019 href=https://ui.adsabs.harvard.edu/abs/2019AJ....157..141T/abstract target=ref>Temple et al. 2019</a>,F6 IV-V,6400.00,100.00,-100.00,0,1.600000,0.100000,-0.100000,0,1.350000,0.050000,-0.050000,0,-0.0200,0.0500,-0.0500,0,[Fe/H],4.170000,0.040000,-0.040000,0,<a refstr=STASSUN_ET_AL__2019 href=https://ui.adsabs.harvard.edu/abs/2019AJ....158..138S/abstract target=ref>TICv8</a>,00h30m50.29s,7.7095292,-40d34m24.46s,-40.5734613,542.25100000,10.13100000,-9.77300000,11.6450000,0.0140000,-0.0140000,10.6500000,0.0240000,-0.0240000,11.6333000,0.0004890,-0.0004890,2024-03-04,2023-03,2024-03-04
WASP-192 b,WASP-192,0,1,1,Transit,2019,WASP-South,Published Confirmed,0,<a refstr=IVSHINA__AMP__WINN_2022 href=https://ui.adsabs.harvard.edu/abs/2022ApJS..259...62I/abstract target=ref>Ivshina &amp; Winn 2022</a>,2.87866860000,0.00000220000,-0.00000220000,0,,,,,,,,,,,,,,,,,,,,,,,,,,,,,,,,,,0,,,,,,,,,,,,,,,,,,,,,,,,<a refstr=STASSUN_ET_AL__2019 href=https://ui.adsabs.harvard.edu/abs/2019AJ....158..138S/abstract target=ref>TICv8</a>,14h54m38.09s,223.6587187,-38d44m40.37s,-38.7445469,508.88500000,16.64600000,-15.64100000,12.6780000,0.0570000,-0.0570000,11.1370000,0.0230000,-0.0230000,12.5347000,0.0002160,-0.0002160,2022-10-18,2022-04,2022-10-18
WASP-192 b,WASP-192,0,1,1,Transit,2019,WASP-South,Published Confirmed,0,<a refstr=KOKORI_ET_AL__2023 href=https://ui.adsabs.harvard.edu/abs/2023ApJS..265....4K/abstract target=ref>Kokori et al. 2023</a>,2.87866760000,0.00000160000,-0.00000160000,0,,,,,,,,,,,,,,,,,,,,,,,,,,,,,,,,,,0,<a refstr=HELLIER_ET_AL__2019 href=https://ui.adsabs.harvard.edu/abs/2019MNRAS.490.1479H/abstract target=ref>Hellier et al. 2019</a>,G0 V,5910.00,145.00,-145.00,0,1.320000,0.070000,-0.070000,0,1.090000,0.060000,-0.060000,0,0.1400,0.0800,-0.0800,0,[Fe/H],4.236000,0.051000,-0.051000,0,<a refstr=STASSUN_ET_AL__2019 href=https://ui.adsabs.harvard.edu/abs/2019AJ....158..138S/abstract target=ref>TICv8</a>,14h54m38.09s,223.6587187,-38d44m40.37s,-38.7445469,508.88500000,16.64600000,-15.64100000,12.6780000,0.0570000,-0.0570000,11.1370000,0.0230000,-0.0230000,12.5347000,0.0002160,-0.0002160,2024-03-04,2023-03,2024-03-04
WASP-192 b,WASP-192,0,1,1,Transit,2019,WASP-South,TESS Project Candidate,0,<a refstr=EXOFOP_TESS_TOI href=https://exofop.ipac.caltech.edu/tess/view_toi.php target=ref>ExoFOP-TESS TOI</a>,2.87866410000,0.00000480000,-0.00000480000,0,,,,,12.86300000,0.79349700,-0.79349700,0,1.14756197,0.07079118,-0.07079118,0,,,,,,,,,,,,,,471.1420,,,0,1297.00,,,0,0,<a refstr=EXOFOP_TESS_TOI href=https://exofop.ipac.caltech.edu/tess/view_toi.php target=ref>ExoFOP-TESS TOI</a>,,6017.00,133.00,-133.00,0,1.350000,0.080000,-0.080000,0,,,,,,,,,,4.220000,0.080000,-0.080000,0,<a refstr=STASSUN_ET_AL__2019 href=https://ui.adsabs.harvard.edu/abs/2019AJ....158..138S/abstract target=ref>TICv8</a>,14h54m38.09s,223.6587187,-38d44m40.37s,-38.7445469,508.88500000,16.64600000,-15.64100000,12.6780000,0.0570000,-0.0570000,11.1370000,0.0230000,-0.0230000,12.5347000,0.0002160,-0.0002160,2022-10-10,2017-07,2022-10-10
WASP-192 b,WASP-192,1,1,1,Transit,2019,WASP-South,Published Confirmed,0,<a refstr=HELLIER_ET_AL__2019 href=https://ui.adsabs.harvard.edu/abs/2019MNRAS.490.1479H/abstract target=ref>Hellier et al. 2019</a>,2.87867650000,0.00000280000,-0.00000280000,0,0.0408000000,0.0008000000,-0.0008000000,0,13.78707000,0.89672000,-0.89672000,0,1.23000000,0.08000000,-0.08000000,0,731.00900000,50.85280000,-50.85280000,0,2.30000000,0.16000000,-0.16000000,0,Mass,0.000000,,,0,,,,,1620.00,60.00,-60.00,0,0,<a refstr=HELLIER_ET_AL__2019 href=https://ui.adsabs.harvard.edu/abs/2019MNRAS.490.1479H/abstract target=ref>Hellier et al. 2019</a>,G0 V,5910.00,145.00,-145.00,0,1.320000,0.070000,-0.070000,0,1.090000,0.060000,-0.060000,0,0.1400,0.0800,-0.0800,0,[Fe/H],4.236000,0.051000,-0.051000,0,<a refstr=STASSUN_ET_AL__2019 href=https://ui.adsabs.harvard.edu/abs/2019AJ....158..138S/abstract target=ref>TICv8</a>,14h54m38.09s,223.6587187,-38d44m40.37s,-38.7445469,508.88500000,16.64600000,-15.64100000,12.6780000,0.0570000,-0.0570000,11.1370000,0.0230000,-0.0230000,12.5347000,0.0002160,-0.0002160,2019-10-02,2019-11,2019-10-10
XO-7 b,XO-7,0,1,1,Transit,2019,XO,Published Confirmed,0,<a refstr=KNUDSTRUP_ET_AL__2024 href=https://ui.adsabs.harvard.edu/abs/2024A&A...690A.379K/abstract target=ref>Knudstrup et al. 2024</a>,2.86414200000,0.00000400000,-0.00000400000,0,,,,,15.35630356,0.33626942,-0.33626942,0,1.37000000,0.03000000,-0.03000000,0,225.65816897,9.53485221,-9.53485221,0,0.71000000,0.03000000,-0.03000000,0,Mass,0.040000,0.030000,-0.030000,0,,,,,,,,,0,<a refstr=KNUDSTRUP_ET_AL__2024 href=https://ui.adsabs.harvard.edu/abs/2024A&A...690A.379K/abstract target=ref>Knudstrup et al. 2024</a>,,6250.00,100.00,-100.00,0,1.480000,0.022000,-0.022000,0,1.405000,0.059000,-0.059000,0,0.4300,0.0600,-0.0600,0,[Fe/H],4.250000,0.020000,-0.020000,0,<a refstr=STASSUN_ET_AL__2019 href=https://ui.adsabs.harvard.edu/abs/2019AJ....158..138S/abstract target=ref>TICv8</a>,18h29m54.74s,277.4780753,+85d13m59.95s,85.2333208,234.14900000,1.19400000,-1.18100000,10.5210000,0.0060000,-0.0060000,9.2410000,0.0240000,-0.0240000,10.4575000,0.0004490,-0.0004490,2025-07-17,2024-10,2024-11-20
XO-7 b,XO-7,0,1,1,Transit,2019,XO,Published Confirmed,0,<a refstr=KOKORI_ET_AL__2023 href=https://ui.adsabs.harvard.edu/abs/2023ApJS..265....4K/abstract target=ref>Kokori et al. 2023</a>,2.86413560000,0.00000100000,-0.00000100000,0,,,,,,,,,,,,,,,,,,,,,,,,,,,,,,,,,,0,<a refstr=CROUZET_ET_AL__2020 href=https://ui.adsabs.harvard.edu/abs/2020AJ....159...44C/abstract target=ref>Crouzet et al. 2020</a>,G0 V,6250.00,100.00,-100.00,0,1.480000,0.022000,-0.022000,0,1.405000,0.059000,-0.059000,0,0.4320,0.0570,-0.0570,0,[Fe/H],4.246000,0.023000,-0.023000,0,<a refstr=STASSUN_ET_AL__2019 href=https://ui.adsabs.harvard.edu/abs/2019AJ....158..138S/abstract target=ref>TICv8</a>,18h29m54.74s,277.4780753,+85d13m59.95s,85.2333208,234.14900000,1.19400000,-1.18100000,10.5210000,0.0060000,-0.0060000,9.2410000,0.0240000,-0.0240000,10.4575000,0.0004490,-0.0004490,2024-03-04,2023-03,2024-03-04
XO-7 b,XO-7,0,1,1,Transit,2019,XO,Published Confirmed,0,<a refstr=PATEL__AMP__ESPINOZA_2022 href=https://ui.adsabs.harvard.edu/abs/2022AJ....163..228P/abstract target=ref>Patel &amp; Espinoza 2022</a>,2.86414130000,0.00000400000,-0.00000400000,0,,,,,,,,,,,,,,,,,,,,,,,,,,,,,,,,,,0,<a refstr=CROUZET_ET_AL__2020 href=https://ui.adsabs.harvard.edu/abs/2020AJ....159...44C/abstract target=ref>Crouzet et al. 2020</a>,G0 V,6250.00,100.00,-100.00,0,1.480000,0.022000,-0.022000,0,1.405000,0.059000,-0.059000,0,0.4320,0.0570,-0.0570,0,[Fe/H],4.246000,0.023000,-0.023000,0,<a refstr=STASSUN_ET_AL__2019 href=https://ui.adsabs.harvard.edu/abs/2019AJ....158..138S/abstract target=ref>TICv8</a>,18h29m54.74s,277.4780753,+85d13m59.95s,85.2333208,234.14900000,1.19400000,-1.18100000,10.5210000,0.0060000,-0.0060000,9.2410000,0.0240000,-0.0240000,10.4575000,0.0004490,-0.0004490,2022-05-03,2022-05,2022-05-03
XO-7 b,XO-7,0,1,1,Transit,2019,XO,Published Confirmed,0,<a refstr=IVSHINA__AMP__WINN_2022 href=https://ui.adsabs.harvard.edu/abs/2022ApJS..259...62I/abstract target=ref>Ivshina &amp; Winn 2022</a>,2.86413545000,0.00000096000,-0.00000096000,0,,,,,,,,,,,,,,,,,,,,,,,,,,,,,,,,,,0,,,,,,,,,,,,,,,,,,,,,,,,<a refstr=STASSUN_ET_AL__2019 href=https://ui.adsabs.harvard.edu/abs/2019AJ....158..138S/abstract target=ref>TICv8</a>,18h29m54.74s,277.4780753,+85d13m59.95s,85.2333208,234.14900000,1.19400000,-1.18100000,10.5210000,0.0060000,-0.0060000,9.2410000,0.0240000,-0.0240000,10.4575000,0.0004490,-0.0004490,2022-10-18,2022-04,2022-10-18
XO-7 b,XO-7,0,1,1,Transit,2019,XO,TESS Project Candidate,0,<a refstr=EXOFOP_TESS_TOI href=https://exofop.ipac.caltech.edu/tess/view_toi.php target=ref>ExoFOP-TESS TOI</a>,2.86413880000,0.00000320000,-0.00000320000,0,,,,,15.52760000,0.73264400,-0.73264400,0,1.38528207,0.06536223,-0.06536223,0,,,,,,,,,,,,,,591.0670,,,0,1373.00,,,0,0,<a refstr=EXOFOP_TESS_TOI href=https://exofop.ipac.caltech.edu/tess/view_toi.php target=ref>ExoFOP-TESS TOI</a>,,6082.00,137.70,-137.70,0,1.530000,0.070000,-0.070000,0,,,,,,,,,,4.130000,0.080000,-0.080000,0,<a refstr=STASSUN_ET_AL__2019 href=https://ui.adsabs.harvard.edu/abs/2019AJ....158..138S/abstract target=ref>TICv8</a>,18h29m54.74s,277.4780753,+85d13m59.95s,85.2333208,234.14900000,1.19400000,-1.18100000,10.5210000,0.0060000,-0.0060000,9.2410000,0.0240000,-0.0240000,10.4575000,0.0004490,-0.0004490,2024-04-07,2017-07,2024-04-07
XO-7 b,XO-7,1,1,1,Transit,2019,XO,Published Confirmed,0,<a refstr=CROUZET_ET_AL__2020 href=https://ui.adsabs.harvard.edu/abs/2020AJ....159...44C/abstract target=ref>Crouzet et al. 2020</a>,2.86414240000,0.00000430000,-0.00000430000,0,0.0442100000,0.0006200000,-0.0006200000,0,15.38995700,0.29143400,-0.29143400,0,1.37300000,0.02600000,-0.02600000,0,225.34147000,10.80622000,-10.80622000,0,0.70900000,0.03400000,-0.03400000,0,Mass,0.038000,0.033000,-0.033000,0,1540.0000,81.0000,-81.0000,0,1743.00,23.00,-23.00,0,0,<a refstr=CROUZET_ET_AL__2020 href=https://ui.adsabs.harvard.edu/abs/2020AJ....159...44C/abstract target=ref>Crouzet et al. 2020</a>,G0 V,6250.00,100.00,-100.00,0,1.480000,0.022000,-0.022000,0,1.405000,0.059000,-0.059000,0,0.4320,0.0570,-0.0570,0,[Fe/H],4.246000,0.023000,-0.023000,0,<a refstr=STASSUN_ET_AL__2019 href=https://ui.adsabs.harvard.edu/abs/2019AJ....158..138S/abstract target=ref>TICv8</a>,18h29m54.74s,277.4780753,+85d13m59.95s,85.2333208,234.14900000,1.19400000,-1.18100000,10.5210000,0.0060000,-0.0060000,9.2410000,0.0240000,-0.0240000,10.4575000,0.0004490,-0.0004490,2020-01-13,2020-02,2020-01-16
bet Pic c,bet Pic,1,1,2,Radial Velocity,2019,La Silla Observatory,Published Confirmed,0,<a refstr=FENG_ET_AL__2022 href=https://ui.adsabs.harvard.edu/abs/2022ApJS..262...21F/abstract target=ref>Feng et al. 2022</a>,1192.77951000000,5.50555000000,-4.43172000000,0,2.6800000000,0.0160000000,-0.0150000000,0,,,,,,,,,3222.46221857,373.44837822,-327.68108762,0,10.13900000,1.17500000,-1.03100000,0,Mass,0.314000,0.024000,-0.034000,0,,,,,,,,,0,<a refstr=FENG_ET_AL__2022 href=https://ui.adsabs.harvard.edu/abs/2022ApJS..262...21F/abstract target=ref>Feng et al. 2022</a>,,,,,,,,,,1.795000,0.027000,-0.027000,0,,,,,,,,,,<a refstr=STASSUN_ET_AL__2019 href=https://ui.adsabs.harvard.edu/abs/2019AJ....158..138S/abstract target=ref>TICv8</a>,05h47m17.10s,86.8212337,-51d03m58.13s,-51.0661480,19.74420000,0.13200000,-0.13030000,3.8500000,0.0300000,-0.0300000,3.5260000,0.2220000,-0.2220000,3.8201500,0.0044271,-0.0044271,2023-06-12,2022-09,2023-06-12
bet Pic c,bet Pic,0,1,2,Radial Velocity,2019,La Silla Observatory,Published Confirmed,0,<a refstr=NOWAK_ET_AL__2020 href=https://ui.adsabs.harvard.edu/abs/2020A&A...642L...2N/abstract target=ref>Nowak et al. 2020</a>,1230.00000000000,14.00000000000,-14.00000000000,0,2.7200000000,0.0200000000,-0.0200000000,0,,,,,,,,,2606.19293740,254.26272560,-254.26272560,0,8.20000000,0.80000000,-0.80000000,0,Mass,0.370000,0.120000,-0.120000,0,,,,,1250.00,50.00,-50.00,0,0,<a refstr=NOWAK_ET_AL__2020 href=https://ui.adsabs.harvard.edu/abs/2020A&A...642L...2N/abstract target=ref>Nowak et al. 2020</a>,,,,,,,,,,1.820000,0.030000,-0.030000,0,,,,,,,,,,<a refstr=STASSUN_ET_AL__2019 href=https://ui.adsabs.harvard.edu/abs/2019AJ....158..138S/abstract target=ref>TICv8</a>,05h47m17.10s,86.8212337,-51d03m58.13s,-51.0661480,19.74420000,0.13200000,-0.13030000,3.8500000,0.0300000,-0.0300000,3.5260000,0.2220000,-0.2220000,3.8201500,0.0044271,-0.0044271,2025-09-25,2020-10,2025-09-25
bet Pic c,bet Pic,0,1,2,Radial Velocity,2019,La Silla Observatory,Published Confirmed,0,<a refstr=LAGRANGE_ET_AL__2019 href=https://ui.adsabs.harvard.edu/abs/2019NatAs...3.1135L/abstract target=ref>Lagrange et al. 2019</a>,1200.00000000000,,,0,2.7000000000,,,0,,,,,,,,,2860.47000000,,,0,9.00000000,,,0,Mass,0.240000,,,0,,,,,,,,,0,<a refstr=LAGRANGE_ET_AL__2019 href=https://ui.adsabs.harvard.edu/abs/2019NatAs...3.1135L/abstract target=ref>Lagrange et al. 2019</a>,,,,,,,,,,1.750000,,,0,,,,,,,,,,<a refstr=STASSUN_ET_AL__2019 href=https://ui.adsabs.harvard.edu/abs/2019AJ....158..138S/abstract target=ref>TICv8</a>,05h47m17.10s,86.8212337,-51d03m58.13s,-51.0661480,19.74420000,0.13200000,-0.13030000,3.8500000,0.0300000,-0.0300000,3.5260000,0.2220000,-0.2220000,3.8201500,0.0044271,-0.0044271,2019-08-23,2019-08,2019-08-29
eps Ind A b,eps Ind A,0,3,1,Radial Velocity,2019,La Silla Observatory,Published Confirmed,0,<a refstr=FENG_ET_AL__2019 href=https://ui.adsabs.harvard.edu/abs/2019MNRAS.490.5002F/abstract target=ref>Feng et al. 2019</a>,16510.00000000000,2100.00000000000,-1740.00000000000,0,11.5500000000,0.9800000000,-0.8600000000,0,,,,,,,,,1032.94750000,123.95370000,-206.58950000,0,3.25000000,0.39000000,-0.65000000,0,Mass,0.260000,0.070000,-0.030000,0,,,,,,,,,0,<a refstr=FENG_ET_AL__2019 href=https://ui.adsabs.harvard.edu/abs/2019MNRAS.490.5002F/abstract target=ref>Feng et al. 2019</a>,K2 V,,,,,,,,,0.754000,0.043000,-0.043000,0,,,,,,,,,,<a refstr=STASSUN_ET_AL__2019 href=https://ui.adsabs.harvard.edu/abs/2019AJ....158..138S/abstract target=ref>TICv8</a>,22h03m29.14s,330.8714021,-56d47m48.85s,-56.7969023,3.63857000,0.00333000,-0.00333000,4.6900000,0.0300000,-0.0300000,2.2370000,0.2400000,-0.2400000,4.3456200,0.0073740,-0.0073740,2019-10-18,2019-12,2019-10-24
eps Ind A b,eps Ind A,1,3,1,Radial Velocity,2019,La Silla Observatory,Published Confirmed,0,<a refstr=MATTHEWS_ET_AL__2024 href=https://ui.adsabs.harvard.edu/abs/2024Natur.633..789M/abstract target=ref>Matthews et al. 2024</a>,,,,,28.4000000000,10.0000000000,-7.2000000000,0,,,,,,,,,2005.49724817,190.69704420,-177.98390792,0,6.31000000,0.60000000,-0.56000000,0,Mass,0.400000,0.150000,-0.180000,0,,,,,275.00,,,0,0,<a refstr=MATTHEWS_ET_AL__2024 href=https://ui.adsabs.harvard.edu/abs/2024Natur.633..789M/abstract target=ref>Matthews et al. 2024</a>,K5 V,4760.00,15.00,-15.00,0,0.679000,0.004000,-0.004000,0,0.760000,0.040000,-0.040000,0,0.2200,0.1200,-0.1200,0,[Fe/H],5.250000,0.180000,-0.340000,0,<a refstr=STASSUN_ET_AL__2019 href=https://ui.adsabs.harvard.edu/abs/2019AJ....158..138S/abstract target=ref>TICv8</a>,22h03m29.14s,330.8714021,-56d47m48.85s,-56.7969023,3.63857000,0.00333000,-0.00333000,4.6900000,0.0300000,-0.0300000,2.2370000,0.2400000,-0.2400000,4.3456200,0.0073740,-0.0073740,2024-08-07,2024-09,2024-08-07
